0
0
0
0
0
0
0
0
0
0
0
0
0
0
1
1
1
2
3
3
4
3
2
3
0
-1
-1
-4
-3
-4
-6
-4
-4
-4
-3
-2
2
2
4
7
5
9
10
4
6
6
-5
-3
-4
-14
-10
-14
-22
-11
-19
-23
-10
-16
-12
-3
-7
-1
2
-2
0
-7
-11
-7
-1
-1
-8
-3
-6
-13
-10
-26
-36
-32
-38
-28
-14
7
54
73
98
149
142
140
154
99
73
66
-8
-30
-37
-85
-68
-73
-95
-59
-60
-56
-28
-28
3
22
28
65
63
85
107
34
-41
-36
-49
-45
-46
-58
-46
-49
-55
-41
-47
-46
-32
-37
-29
-22
-23
-14
-13
-11
-10
-14
-11
-8
-4
0
-7
-3
0
-6
-7
-13
-20
-15
-15
-13
-4
10
33
43
59
81
73
83
85
53
57
37
-2
11
-12
-36
-14
-35
-40
-15
-30
-24
-4
-13
2
18
12
27
37
35
36
25
25
20
-4
-6
-15
-29
-31
-45
-42
-43
-52
-39
-38
-30
-20
-19
-3
-3
-4
6
-7
-12
-13
-12
2
-8
-12
-1
-12
-16
-19
-37
-39
-41
-45
-23
-15
8
64
74
106
155
128
143
150
86
81
48
-14
-12
-41
-64
-55
-71
-60
-46
-45
-31
-27
-11
7
10
31
46
48
59
53
41
35
6
-11
-12
-49
-53
-50
-81
-54
-59
-83
-39
-61
-61
-12
-47
-23
4
-25
7
-7
-33
-14
-31
-9
6
-23
-9
-17
-29
-18
-53
-75
-59
-71
-58
-28
8
94
119
158
249
216
235
252
139
147
93
-26
0
-67
-112
-71
-126
-103
-70
-93
-45
-46
-38
25
18
33
73
67
80
99
79
50
42
19
-30
-39
-64
-112
-97
-114
-133
-94
-112
-106
-55
-65
-47
-16
-24
-2
3
-15
-15
-32
-37
-3
0
-25
-22
-25
-44
-36
-74
-113
-78
-96
-83
-25
-29
99
184
168
321
331
280
373
262
188
178
18
-5
-54
-137
-114
-169
-139
-103
-134
-54
-69
-65
30
8
33
88
90
126
121
88
86
67
0
-45
-60
-104
-125
-145
-152
-132
-154
-132
-111
-117
-68
-69
-46
-1
-27
10
7
-47
-28
-52
-38
2
-49
-37
-23
-70
-49
-70
-138
-120
-134
-116
-48
-35
129
231
231
430
429
383
507
330
251
265
20
-15
-42
-198
-162
-171
-223
-169
-125
-123
-88
-31
-30
38
79
65
152
146
120
133
82
96
16
-68
-54
-160
-141
-134
-242
-153
-175
-210
-84
-145
-123
-25
-77
-13
18
-32
0
-33
-74
-59
-52
-23
-36
-52
-27
-55
-75
-81
-157
-161
-130
-156
-93
-47
66
280
285
399
560
476
550
515
336
333
153
15
-20
-178
-184
-220
-266
-192
-203
-150
-115
-120
-13
12
32
81
120
219
170
124
172
103
83
14
-134
-107
-151
-244
-199
-240
-270
-204
-205
-182
-125
-122
-83
-23
-18
-4
-2
-52
-69
-70
-53
-17
-65
-68
-32
-90
-101
-124
-197
-174
-184
-192
-78
-71
65
391
354
466
754
561
660
730
335
415
250
-108
50
-170
-316
-186
-350
-249
-184
-245
-108
-144
-50
65
8
133
137
143
300
188
92
143
33
-23
-37
-210
-208
-192
-335
-223
-231
-357
-191
-218
-199
-48
-156
-54
26
-64
39
-35
-114
-78
-121
-2
-25
-140
-44
-82
-102
-88
-232
-230
-183
-216
-134
-72
25
327
444
492
794
754
684
857
545
400
388
-32
-22
-95
-333
-187
-351
-322
-154
-306
-128
-158
-195
101
-21
32
227
117
268
293
105
201
142
-77
-26
-100
-286
-212
-321
-385
-223
-372
-342
-193
-293
-135
-77
-136
8
-31
-12
14
-122
-93
-91
-52
1
-121
-70
-54
-168
-101
-187
-339
-232
-251
-217
-18
-49
247
610
486
818
993
703
988
807
400
538
123
-95
11
-345
-344
-323
-445
-284
-295
-238
-168
-176
22
56
101
209
202
333
312
171
199
126
-15
-75
-183
-305
-295
-343
-429
-330
-377
-409
-243
-276
-209
-82
-131
-18
22
-9
29
-104
-145
-111
-95
-34
-143
-156
-89
-169
-158
-224
-342
-296
-293
-224
-111
-1
340
580
702
987
1023
996
1097
822
614
497
74
-25
-107
-395
-344
-412
-479
-289
-340
-271
-139
-213
-4
107
40
230
227
222
398
287
178
188
64
-66
-134
-264
-415
-394
-419
-503
-364
-403
-427
-183
-225
-180
-19
-124
-24
42
-69
-22
-124
-201
-65
-26
-79
-162
-167
-133
-187
-247
-347
-363
-315
-280
-125
-62
250
660
637
1008
1245
967
1266
1061
606
761
213
-71
59
-470
-418
-304
-648
-407
-281
-398
-201
-159
-130
67
106
138
323
366
244
315
292
122
90
-116
-246
-247
-415
-400
-422
-477
-371
-417
-317
-269
-286
-145
-97
-124
-56
40
-142
-99
-143
-268
-71
-171
-138
-103
-141
-95
-253
-131
-325
-484
-210
-343
-254
-40
162
678
787
994
1369
1157
1245
1297
807
707
377
-66
-4
-283
-466
-483
-674
-521
-409
-359
-263
-353
-149
139
131
251
365
315
359
396
316
238
86
-195
-241
-255
-410
-413
-520
-594
-476
-391
-354
-319
-286
-288
-110
3
-42
49
-54
-181
-137
-167
-113
-104
-202
-228
-175
-102
-173
-286
-406
-467
-395
-287
-113
-139
116
701
733
1132
1615
1157
1304
1445
850
878
529
-87
-57
-344
-492
-461
-628
-543
-567
-420
-254
-348
-70
10
-31
276
297
427
596
226
294
466
-38
-34
-43
-563
-313
-427
-794
-293
-562
-730
-206
-523
-375
-8
-294
-8
56
-130
137
-39
-206
-147
-288
-151
-114
-221
-104
-237
-311
-214
-394
-439
-403
-467
-230
-127
24
712
891
979
1622
1507
1457
1753
1107
854
839
76
-53
-179
-684
-556
-648
-751
-472
-533
-444
-268
-248
19
78
74
334
351
377
527
302
177
265
-10
-83
-175
-569
-358
-521
-795
-374
-723
-739
-306
-627
-253
-98
-435
84
18
-169
109
-236
-288
-192
-287
-33
-150
-303
-146
-249
-274
-352
-631
-546
-506
-510
-191
-86
418
1119
1101
1766
2216
1649
2023
1917
1016
1069
512
-221
-131
-554
-797
-683
-852
-797
-620
-451
-507
-413
17
-49
91
451
427
634
568
383
525
226
-14
-170
-467
-494
-704
-736
-689
-847
-632
-642
-608
-336
-490
-211
-28
-222
116
31
-143
-38
-338
-381
-310
-301
-185
-333
-314
-282
-409
-359
-607
-740
-504
-515
-283
-19
349
1186
1228
1663
2538
1909
2148
2454
1157
1314
1033
-358
49
-339
-1146
-450
-855
-1165
-395
-618
-649
-228
-330
-76
126
186
620
477
377
691
313
337
296
-578
-283
-352
-958
-304
-822
-1131
-316
-930
-679
-226
-918
-227
-107
-456
233
-154
-256
82
-435
-333
-416
-534
-66
-356
-317
-184
-587
-259
-449
-889
-432
-658
-617
-44
-82
995
1564
1246
2593
2653
2097
2971
1953
1227
1627
162
-175
103
-1125
-877
-531
-1259
-738
-503
-828
-334
-310
-270
167
-39
244
572
286
562
510
481
609
-136
-68
4
-622
-619
-1050
-1125
-891
-1311
-947
-858
-916
-334
-456
-185
74
-296
78
-43
-407
-202
-501
-414
5
-283
-380
-251
-528
-550
-483
-990
-961
-605
-722
-304
95
720
1761
1756
2520
3204
2589
3066
2567
1594
1745
533
-49
-86
-988
-828
-1109
-1338
-825
-1127
-753
-521
-770
-57
9
-9
532
553
841
849
476
624
410
104
-241
-777
-741
-871
-1006
-949
-1105
-912
-901
-770
-479
-708
-404
-230
-325
108
-115
-225
-111
-546
-450
-357
-401
-306
-478
-359
-437
-611
-615
-988
-929
-781
-800
-341
-209
599
1894
1770
2505
3584
2788
3275
3418
1725
2056
1319
-423
294
-706
-1683
-737
-1567
-1433
-616
-1238
-676
-348
-480
273
137
239
772
555
861
794
218
564
297
-469
-319
-604
-1041
-870
-1206
-1218
-940
-1321
-1027
-685
-803
-431
-392
-230
47
-206
-7
-166
-597
-447
-605
-346
-128
-661
-428
-314
-716
-531
-884
-1238
-795
-822
-525
-84
82
1580
2286
2287
3619
3413
3316
3910
2253
2168
2065
-137
155
-237
-1485
-661
-1454
-1752
-691
-1302
-1038
-527
-875
-149
77
-28
660
572
638
1062
456
469
658
-311
-400
-421
-1063
-720
-1068
-1581
-878
-1155
-1373
-712
-960
-790
-305
-557
-120
46
-370
-120
-301
-661
-559
-455
-276
-391
-446
-401
-675
-551
-790
-1286
-921
-997
-777
-35
-20
1430
2480
2196
3724
3781
3192
4367
2785
1853
2460
297
62
193
-1571
-895
-1146
-1946
-949
-1398
-1180
-600
-1074
-90
112
-125
880
699
725
1209
464
609
884
-325
-388
-176
-1181
-981
-1100
-1947
-1185
-1375
-1748
-801
-1116
-921
-198
-495
-69
30
-254
-121
-486
-580
-575
-469
-164
-541
-438
-311
-826
-670
-882
-1456
-1104
-1009
-888
-226
164
1455
2653
2688
3709
4372
3922
4180
3466
2336
2281
876
-320
26
-1145
-1805
-1049
-1896
-1682
-814
-1697
-1004
-370
-846
196
166
-9
1210
1004
957
1113
485
911
415
-623
-369
-1118
-1466
-1178
-1951
-1469
-1352
-1959
-851
-830
-1008
-152
-575
-235
251
-429
-97
-344
-979
-498
-445
-362
-262
-578
-490
-600
-831
-960
-1416
-1397
-1138
-986
-446
-207
971
2649
2529
3598
4940
3873
4501
4629
2453
2651
1774
-397
102
-695
-1930
-1330
-1895
-2038
-1245
-1436
-1372
-906
-391
-49
53
622
1038
1190
1205
814
876
921
-54
-608
-391
-1140
-1445
-1012
-1928
-1637
-1003
-2024
-1107
-708
-1576
-252
-375
-794
422
-265
-455
-44
-843
-653
-554
-629
-293
-578
-509
-580
-859
-686
-1248
-1562
-1108
-1092
-674
-204
670
2517
2736
3410
5100
4369
4708
4760
2751
3142
1785
-221
538
-1095
-1716
-1075
-2443
-1634
-1355
-2061
-936
-1206
-958
274
-226
187
1116
896
1559
1553
396
1066
1086
-401
-308
-575
-1599
-1478
-1675
-2102
-1790
-1838
-2039
-1279
-802
-1125
-514
-61
-408
169
175
-531
-366
-654
-657
26
-411
-849
-527
-715
-1054
-953
-1390
-1803
-1282
-1207
-784
-22
251
2220
3106
3145
5162
4647
4504
5614
3303
3185
2941
-133
517
-182
-2306
-1066
-2113
-2751
-1049
-2028
-1847
-611
-1262
-370
309
-84
911
1184
993
1469
1254
801
759
456
-526
-681
-751
-2009
-1679
-1606
-2552
-1572
-1759
-2023
-626
-1045
-871
52
-400
-70
81
-371
-383
-702
-740
-369
-176
-508
-892
-627
-827
-1239
-1306
-1838
-1766
-1355
-1068
-358
281
2032
3200
3391
5360
5426
4843
6028
4069
2996
3449
390
-434
-7
-2036
-1918
-1800
-2813
-1830
-1408
-1885
-1201
-625
-552
14
521
729
1242
1331
1166
1214
843
850
174
-909
-523
-1243
-1755
-1225
-2440
-1973
-1320
-2430
-1227
-1052
-1622
-254
-607
-508
362
-479
-290
-126
-869
-667
-435
-350
-322
-583
-642
-779
-983
-1313
-1735
-1651
-1536
-1288
-620
-148
1427
3073
2927
4546
6078
4879
5708
5436
3042
3669
1964
-459
567
-1390
-2359
-1080
-2915
-2222
-1214
-2590
-1109
-1038
-1343
479
-348
291
1744
558
1481
1746
341
1285
770
-904
-255
-934
-2180
-1185
-1912
-2627
-1354
-2199
-1942
-681
-1655
-748
-130
-783
206
-118
-334
-30
-964
-726
-660
-673
-190
-1035
-890
-643
-1499
-1140
-1526
-2207
-1222
-1148
-1011
271
1000
2623
3980
4517
5821
5734
5749
5752
3833
3476
2111
-150
103
-1260
-2155
-1698
-2675
-2073
-1723
-1950
-1125
-1342
-775
-109
-219
694
707
760
1440
894
1225
1567
159
69
116
-1217
-820
-1455
-2907
-1652
-2347
-2821
-1220
-2288
-1673
-367
-1339
-90
95
-733
256
-314
-623
-389
-1004
-267
-64
-673
-550
-895
-1120
-1228
-1757
-1986
-1808
-1424
-989
-359
729
2512
3773
4230
5523
6091
5615
5698
4560
3280
2782
879
-154
-412
-1655
-1740
-2140
-2649
-1731
-1942
-1912
-1283
-1259
-313
-121
24
1206
1141
1218
1591
1119
859
507
172
-408
-1099
-1132
-1711
-1945
-1591
-2103
-1976
-1671
-1951
-1279
-869
-1131
-667
-294
-423
-262
-300
-772
-916
-895
-601
-242
-591
-823
-789
-740
-905
-1658
-1821
-1678
-1683
-1116
-740
-144
1831
3355
3774
5651
6475
5334
6607
5770
3510
4059
1242
-210
780
-2080
-1859
-1712
-3430
-1442
-2169
-2427
-949
-2187
-544
-22
-844
1435
1112
930
2067
1262
1274
1096
263
-349
-702
-1126
-1827
-1247
-2026
-2520
-1467
-2630
-1950
-1306
-2417
-738
-899
-1112
494
-552
-167
199
-1078
-495
-719
-631
-96
-1158
-858
-858
-1618
-1304
-2085
-2278
-1500
-1768
-983
130
1064
3243
3956
4727
7101
6419
6039
7081
4593
3601
3170
116
-45
-941
-2835
-2077
-2888
-2966
-2029
-2523
-1650
-1350
-1051
243
-246
391
1564
1106
1754
1660
898
1378
422
-213
104
-1214
-1551
-1533
-2421
-1920
-2209
-2772
-1822
-2034
-1817
-828
-1186
-652
-110
-418
79
-288
-895
-738
-1033
-635
-160
-887
-1006
-731
-1175
-1331
-1568
-2478
-2020
-1331
-1580
-507
594
2166
4200
4612
6417
7273
6288
7149
5598
3902
3828
785
-262
-375
-2584
-2162
-2273
-3094
-1994
-2119
-1954
-1359
-1399
-700
-445
-68
778
1259
1453
1375
1607
1531
1153
438
-627
-678
-1293
-1983
-1715
-2496
-2421
-2077
-2611
-1689
-1604
-1838
-822
-865
-459
63
-421
-172
-376
-934
-939
-923
-467
-631
-1020
-891
-1329
-1308
-1418
-2346
-2025
-1705
-1679
-655
-149
1906
4271
4104
6179
7552
6383
7540
6170
4156
4296
1369
183
-140
-2242
-1644
-2699
-3256
-1555
-2961
-2242
-1081
-2383
-470
-30
-896
1199
1339
1303
2060
1114
1389
1398
324
55
-860
-1216
-1237
-2243
-1988
-2094
-2971
-2232
-2252
-2313
-1202
-1682
-1272
-6
-553
6
254
-758
-305
-884
-1398
-190
-629
-1116
-696
-1322
-1423
-1313
-2162
-2354
-1870
-1784
-1152
-401
818
3659
4225
4900
7945
7049
6846
8033
4857
4490
4007
-28
88
-460
-2961
-2315
-2752
-3567
-2432
-2383
-2532
-1664
-1070
-707
-66
471
903
1506
1767
1600
1229
1232
1131
-67
-404
-698
-2021
-1827
-1961
-2703
-2229
-2747
-2676
-1585
-1910
-1550
-882
-948
-320
-163
-230
-118
-792
-1055
-982
-809
-292
-784
-1247
-888
-1181
-1497
-1647
-2454
-2301
-1444
-1380
-480
417
1793
4561
4737
6178
8414
6362
7555
7635
4051
5224
2270
-1029
957
-2402
-2987
-1595
-4558
-2653
-2079
-3273
-1025
-2003
-1423
309
-626
1106
1511
931
2253
1359
1422
1923
-118
-366
-573
-2159
-1271
-1819
-3635
-1986
-2518
-3421
-1044
-2491
-2522
-23
-1796
-388
945
-1327
405
63
-1655
-319
-1505
-1304
-250
-1775
-1130
-1087
-2067
-1330
-2072
-2381
-1431
-1792
-998
371
1761
4381
4850
5918
8297
7375
7987
7584
4164
5132
2991
-553
1100
-2061
-3346
-1064
-4379
-3016
-1186
-4209
-1714
-947
-2322
438
-147
-281
2000
963
1600
2253
634
1848
954
-944
446
-1633
-2604
-865
-3208
-2498
-1482
-3930
-1709
-1315
-2766
-492
-1378
-1395
517
-882
-301
50
-1479
-937
-1286
-1140
-129
-1329
-1376
-844
-1592
-1239
-1789
-2826
-1624
-1588
-1656
92
415
2919
5404
4412
7597
8833
6273
8462
6905
3786
5112
1656
-971
482
-2008
-3384
-2111
-3311
-3451
-1816
-2532
-2780
-895
-1039
-1091
573
591
884
1918
1406
1327
1654
913
409
-14
-807
-1243
-1816
-2084
-2097
-2835
-2761
-2581
-2754
-1728
-1804
-1770
-511
-810
-363
211
-679
-406
-950
-1745
-794
-725
-902
-875
-1344
-1289
-1318
-1682
-2194
-2379
-1851
-1740
-985
94
1408
4037
4843
5869
8577
8012
7693
8504
5785
4475
4144
511
-668
-620
-3100
-3109
-2603
-3855
-2786
-2240
-2966
-1787
-1253
-1015
-243
91
1160
1442
1621
2336
1731
1671
1483
152
-208
-708
-1928
-2328
-2469
-3265
-3211
-2707
-3191
-2308
-1573
-1994
-785
-474
-608
212
-400
-453
-535
-1566
-1124
-776
-731
-951
-1774
-1385
-1475
-2108
-2168
-2820
-2371
-1516
-1416
-317
1410
3879
5464
6118
8735
9010
7533
8831
6880
4004
4390
910
-1505
-203
-2861
-3681
-2369
-4111
-3086
-2079
-3211
-1874
-1513
-1237
139
0
1253
2287
1562
2101
2292
1381
1039
191
-1367
-1245
-1835
-3199
-1599
-2428
-3492
-1283
-2772
-2295
-592
-2783
-927
-321
-1635
654
-437
-864
232
-1742
-1393
-1267
-1601
-500
-1829
-1721
-1040
-2071
-1466
-1981
-2453
-1191
-1419
-981
603
2580
4721
5224
7184
8928
8087
8698
7700
5162
4927
2478
-149
-157
-1969
-3221
-2791
-3400
-3346
-2816
-2681
-2426
-2119
-1061
-658
-619
801
1121
1358
2561
1370
1191
2151
-198
-452
646
-2074
-2253
-1234
-3176
-2111
-1855
-4036
-1850
-1611
-3012
-621
-1203
-1414
523
-833
-155
202
-1747
-1055
-1627
-1645
-196
-1594
-1676
-1181
-1844
-1268
-1877
-2725
-1923
-1538
-1147
-97
793
3096
5285
5396
8050
9662
7367
8747
7859
4486
5614
1758
-1389
691
-3066
-3657
-1773
-4936
-3118
-1998
-3804
-1344
-1731
-2115
45
-484
731
1603
895
2245
1627
1382
2028
-15
-93
-97
-1890
-1339
-1888
-3138
-2240
-3019
-3417
-1972
-2506
-2420
-985
-1045
-434
90
-633
-105
-450
-1636
-1490
-1693
-1310
-756
-1469
-1354
-1196
-1595
-1523
-1959
-2345
-1965
-1668
-867
238
1732
4668
5581
6094
9443
8835
7572
9008
5975
4763
4549
-76
45
-484
-3772
-2242
-3318
-4307
-2354
-3630
-2771
-1658
-2359
-584
-558
-216
1475
876
1787
2397
1314
1841
1071
53
338
-1333
-2181
-1939
-3073
-2602
-2504
-3527
-2301
-2158
-2430
-1135
-1367
-986
-156
-824
-49
61
-1286
-1320
-1756
-1645
-623
-1482
-1956
-1555
-1804
-1563
-1659
-2225
-1955
-1523
-1130
-76
838
2685
5454
5618
7284
10091
8262
8530
8504
5118
5786
2870
-1013
630
-2436
-3669
-2028
-4989
-3375
-2293
-4255
-1655
-1989
-2298
231
-890
227
1888
1014
2058
1565
1338
2066
193
-100
-436
-1853
-1112
-1614
-2877
-2229
-2553
-3403
-2087
-2138
-3140
-1335
-1331
-1517
523
-689
-728
267
-1845
-1492
-1287
-2106
-752
-1347
-1802
-1042
-1656
-1587
-1677
-2223
-1764
-1652
-982
332
1287
4243
6014
5865
9120
9546
8026
9752
6569
4583
5299
294
-455
-294
-3918
-2718
-3298
-4310
-2422
-3550
-2759
-1771
-2281
-387
-631
-383
1563
908
1429
2182
1517
1800
1227
321
-67
-856
-1493
-2197
-2360
-2570
-3220
-2950
-2890
-2767
-2055
-2121
-1767
-855
-749
-689
-296
-471
-989
-1322
-1916
-1739
-851
-1227
-1572
-1341
-1453
-1430
-1718
-2037
-1957
-1645
-1220
-618
658
2689
5141
5858
6987
9565
8667
8773
9205
5416
5372
3908
-666
743
-1302
-4240
-1770
-3847
-4215
-1889
-4009
-3196
-1909
-2631
-986
-816
-377
1547
1512
2072
2186
1583
2396
1088
-500
-8
-1480
-2479
-1663
-2771
-2860
-2160
-3358
-2530
-1581
-2568
-1742
-1281
-1478
-320
-455
-733
-538
-1420
-1707
-1794
-1779
-1101
-1454
-1747
-1321
-1437
-1470
-1639
-2246
-1850
-1167
-1101
-210
1275
3532
6015
6274
8047
10052
8421
9072
8548
5175
5154
2523
-485
199
-2199
-3741
-3222
-4220
-3591
-2965
-3264
-2783
-2085
-1082
-696
-300
617
780
1176
2603
2121
714
1925
401
-940
1157
-2770
-3172
-92
-4615
-2203
-800
-5715
-827
-1564
-4403
962
-2162
-2421
1344
-2165
-269
294
-3395
-1592
-1919
-2021
-211
-2361
-2091
-595
-1899
-1283
-1086
-2738
-1399
-669
-1164
1213
2037
3515
6737
7138
9354
9912
8396
9707
7159
5534
4952
35
-12
-685
-3947
-2311
-3887
-5168
-2641
-3967
-3690
-1911
-2944
-1736
-115
-253
1234
2481
1689
2043
2822
1502
1360
920
-1427
-925
-1439
-3315
-2089
-3170
-4030
-2469
-3486
-2780
-1689
-2588
-1113
-580
-792
146
-530
-844
-939
-2043
-2099
-1842
-1674
-1174
-1502
-1814
-1140
-1422
-1914
-1527
-2102
-1653
-398
-451
1078
3796
5391
6327
8400
9961
8985
9912
9021
5577
6329
3282
-761
643
-2314
-4295
-2617
-4754
-4627
-2884
-3895
-3436
-2181
-1911
-1418
-337
493
821
1643
2741
2535
1448
2100
1111
-535
945
-2019
-3579
-833
-4297
-3499
-1282
-5421
-2405
-1335
-4082
-88
-980
-2138
933
-893
-599
242
-2360
-2264
-2172
-2009
-1044
-2083
-2267
-1479
-1501
-1476
-1595
-2099
-1636
-787
-567
722
2036
3993
6688
6927
9022
10892
8770
9584
8658
5162
5532
2251
-1385
-294
-2644
-4324
-3179
-4457
-4190
-2924
-3353
-2868
-2049
-1608
-954
-428
821
1812
1152
1664
2535
1117
969
675
-1139
-913
-1569
-2187
-1576
-2869
-2583
-2467
-3190
-1954
-2923
-2714
-1310
-2279
-579
-341
-1644
-225
-1366
-2202
-1789
-2819
-1494
-1057
-2218
-1319
-1000
-1531
-1324
-1370
-1812
-839
-568
-921
1475
2803
4642
7234
6999
10043
10770
8290
10225
7366
4525
5089
45
-897
-498
-4333
-3041
-3132
-5018
-2541
-3227
-4238
-1940
-2425
-2471
-382
-687
331
2051
1434
2776
2321
942
2300
274
-497
-255
-3193
-2093
-2048
-3991
-2378
-3420
-3840
-1836
-2802
-2303
-1001
-1686
-924
-224
-741
-787
-1484
-2633
-2299
-1499
-1463
-1499
-1802
-1628
-927
-1216
-1611
-1851
-1827
-1379
-799
520
1233
3316
6066
6217
9082
10923
8691
10365
9349
6096
6862
3081
244
453
-2965
-2802
-3477
-5439
-3344
-5070
-4390
-2134
-4392
-1731
-745
-2096
1707
1505
777
3326
2307
1724
2165
858
287
-180
-1555
-2079
-1973
-2865
-3400
-3424
-3674
-3132
-3097
-2855
-1827
-1750
-828
-391
-899
-107
-1002
-2055
-1850
-2731
-1824
-924
-2281
-1624
-961
-1906
-1266
-1377
-2346
-1275
-1174
-1075
1060
1777
4094
7181
6957
9554
11403
9100
10114
9202
5588
5259
2373
-690
-343
-2557
-4233
-3440
-4486
-4594
-3457
-4252
-3869
-2389
-2361
-1298
-56
550
1752
1860
2582
3039
1583
1682
810
-373
-33
-2227
-2028
-1242
-4065
-2814
-2932
-4892
-2112
-3161
-3664
-567
-2068
-1144
597
-1395
-255
-625
-2922
-2179
-2259
-1867
-933
-2072
-1868
-968
-1475
-1594
-1542
-2041
-1619
-874
-342
1036
2387
4916
7061
7692
10639
10731
9599
10950
7536
6282
5626
271
571
-1320
-4400
-1935
-5136
-5403
-2482
-5498
-3561
-2420
-4469
-1276
-1161
-1467
1424
1228
1814
2956
2267
2477
1667
818
794
-1284
-1575
-1317
-3690
-2928
-2996
-5101
-2725
-3309
-4386
-1074
-2208
-1931
639
-1349
-423
240
-2259
-1591
-2143
-2749
-938
-1415
-1920
-1409
-1391
-1377
-1633
-1676
-1835
-1302
-607
-212
1249
2883
5743
7031
7620
11186
10302
9782
11270
6686
6233
5180
-542
507
-1881
-4933
-2510
-5367
-4829
-2663
-5194
-2982
-2664
-3421
-446
-1420
-756
1572
1086
2352
2503
1810
2399
938
35
403
-1633
-2050
-1002
-3722
-3018
-1781
-5395
-2729
-2233
-5191
-667
-1933
-3072
1213
-1724
-1111
468
-3241
-1980
-2384
-3054
-435
-1737
-1762
-956
-1455
-396
-1226
-1875
-1259
-1397
-444
655
1286
3828
6693
6806
9430
12083
9136
10828
10604
5364
7769
3292
-2176
1746
-4060
-5197
-1766
-8067
-4426
-2655
-6664
-1251
-2930
-3664
1124
-1871
432
2517
-432
2670
2469
1486
3698
556
-197
1255
-1536
-1767
-1900
-4345
-3282
-3355
-4553
-2666
-3185
-3571
-1431
-1736
-1168
-523
-1737
-771
-1023
-2187
-1926
-2951
-1928
-380
-1700
-1359
-1156
-1836
-767
-1495
-2335
-1192
-1312
-613
1416
2214
4932
7631
7231
9939
11981
9661
10612
9261
5289
6629
3205
-1736
357
-2936
-6058
-2746
-5706
-6622
-2844
-5394
-4206
-960
-3197
-984
891
-528
2194
2712
1408
2821
2217
1236
1664
189
-1429
-1465
-2009
-2582
-2906
-3885
-3925
-3592
-3345
-2805
-2970
-2246
-1513
-1438
-375
-769
-1404
-1184
-2466
-2659
-1861
-1910
-1450
-1710
-1746
-690
-1026
-1337
-1036
-1461
-932
-280
125
1298
2375
5267
7642
7762
10365
11341
9745
10720
8809
5761
5382
1742
-1220
-1195
-3250
-4754
-4562
-4785
-4829
-4289
-3722
-3757
-2923
-1550
-1242
-288
997
1459
2115
2704
2543
1804
1587
947
-913
-1022
-1507
-2840
-1997
-3147
-4035
-2512
-3769
-3479
-2085
-3418
-2116
-1014
-1783
-576
-642
-1582
-1486
-2487
-3214
-2239
-1497
-1867
-1650
-1143
-1351
-800
-754
-1454
-998
-906
-745
830
1601
2950
6346
7194
8257
11543
10021
9697
11466
6844
5834
5733
-573
-381
-558
-5221
-3632
-3896
-6015
-3721
-3807
-4387
-2740
-2492
-2136
-942
16
662
1242
2397
2545
2010
2414
1405
525
693
-1595
-2154
-1147
-3390
-3432
-2907
-4579
-3233
-3060
-4005
-2052
-2123
-2123
