0
0
0
0
0
0
0
0
0
0
0
0
0
0
0
0
0
0
0
0
-1
-1
-1
-1
-2
-2
-2
-1
-1
0
1
2
3
5
6
8
8
8
8
8
7
6
4
2
1
-2
-3
-3
-4
-3
-2
-2
-2
-3
-4
-6
-11
-14
-15
-19
-21
-20
-19
-17
-12
-10
-2
5
12
23
31
38
42
40
38
33
29
26
18
11
3
-5
-9
-12
-15
-15
-12
-9
-10
-11
-14
-22
-29
-38
-45
-50
5
4
3
3
3
4
5
8
9
12
16
17
18
18
16
14
12
9
7
4
0
-4
-6
-7
-8
-8
-7
-6
-6
-6
-7
-9
-11
-14
-16
-18
-19
-20
-20
-19
-17
-14
-10
-4
2
7
14
19
23
25
24
21
19
16
12
8
3
-1
-5
-8
-8
-9
-8
-6
-6
-6
-6
-9
-13
-18
-22
-24
-27
-29
-28
-26
-23
-18
-12
-4
5
13
23
32
38
42
42
38
34
30
26
21
12
5
-2
-8
-8
-9
-10
-8
-5
-6
-7
-8
-14
-22
-27
-32
-36
-38
-41
-41
-36
-30
-23
-12
0
11
26
42
50
56
59
55
48
42
38
29
18
10
-1
-12
-13
-13
-16
-10
-10
-11
-8
-12
-17
-24
-34
-39
-43
-49
-53
-52
-45
-37
-32
-20
-3
9
29
50
61
72
75
72
67
58
51
41
30
16
5
-8
-20
-22
-23
-19
-16
-15
-16
-15
-19
-31
-40
-53
-58
-60
-71
-69
-65
-59
-43
-31
-12
9
28
56
78
92
103
101
91
82
74
61
46
30
13
-1
-15
-21
-21
-24
-19
-16
-19
-17
-21
-34
-50
-64
-74
-80
-87
-91
-86
-74
-62
-48
-26
1
26
54
84
104
117
120
113
100
84
72
58
36
16
1
-21
-32
-34
-35
-30
-27
-22
-26
-27
-31
-50
-62
-72
-82
-92
-97
-95
-90
-77
-60
-40
-9
23
52
88
117
133
145
144
126
111
99
80
57
33
10
-15
-28
-32
-35
-28
-22
-23
-22
-26
-33
-50
-74
-91
-97
-110
-121
-123
-115
-101
-83
-58
-27
10
42
83
120
149
163
162
154
130
114
97
72
46
21
-12
-37
-39
-45
-46
-37
-33
-30
-31
-39
-52
-74
-97
-108
-118
-136
-141
-133
-123
-103
-80
-42
6
42
85
136
170
195
215
203
179
160
130
104
72
32
-3
-32
-51
-58
-58
-54
-43
-36
-31
-38
-53
-71
-94
-110
-121
-138
-151
-152
-141
-126
-96
-55
-9
32
73
135
174
194
215
207
182
166
148
118
90
55
13
-25
-45
-49
-56
-59
-44
-34
-30
-31
-42
-68
-96
-121
-145
-160
-173
-181
-175
-152
-134
-105
-53
-4
43
104
164
205
239
237
213
192
174
146
111
77
39
-2
-44
-48
-47
-50
-32
-31
-33
-33
-48
-65
-95
-131
-156
-176
-192
-200
-192
-176
-153
-122
-73
-13
42
109
180
235
273
280
276
249
218
201
155
98
57
19
-40
-67
-61
-67
-55
-46
-34
-28
-56
-80
-106
-157
-176
-185
-220
-228
-225
-221
-189
-153
-108
-39
24
78
164
234
269
299
293
261
231
207
180
137
85
31
-24
-66
-81
-85
-84
-71
-58
-60
-58
-69
-95
-127
-158
-180
-206
-226
-229
-219
-199
-165
-120
-50
25
85
171
247
299
339
345
315
275
240
201
162
106
57
16
-47
-64
-65
-77
-59
-49
-48
-43
-65
-94
-136
-184
-203
-235
-267
-264
-268
-251
-202
-160
-92
-6
53
130
232
295
346
366
331
297
257
224
196
137
65
5
-65
-97
-97
-104
-92
-75
-63
-56
-63
-90
-126
-165
-206
-233
-256
-289
-282
-263
-238
-184
-147
-65
45
103
203
301
348
389
378
348
302
274
241
174
114
59
-11
-63
-72
-98
-98
-62
-61
-51
-103
-119
-83
-186
-194
-174
-278
-294
-291
-310
-221
-150
-119
-36
11
80
185
276
365
402
403
363
289
242
208
132
97
45
-34
-77
-135
-139
-105
-80
-52
-47
-47
-59
-109
-166
-212
-258
-292
-331
-353
-346
-332
-278
-207
-142
-36
61
152
294
389
434
481
467
418
382
348
289
218
140
60
-11
-51
-70
-78
-65
-58
-65
-80
-97
-118
-171
-238
-267
-301
-346
-350
-364
-341
-287
-248
-171
-75
11
119
235
339
432
467
465
438
388
347
304
220
155
97
15
-48
-83
-102
-116
-90
-74
-70
-60
-111
-149
-186
-304
-328
-333
-408
-388
-405
-359
-292
-246
-137
-27
92
160
336
435
406
511
459
355
425
298
205
281
56
56
43
-199
-57
-88
-139
10
-117
-78
-71
-171
-138
-267
-269
-351
-362
-423
-332
-478
-315
-19
-572
355
-83
-265
1082
106
277
678
513
648
214
504
215
294
224
-171
196
-328
-327
11
-108
-30
-213
-145
33
-94
-73
-126
-374
-484
-351
-190
-181
-508
-635
-287
-64
52
-24
-179
98
473
620
669
473
339
391
499
462
406
58
-228
231
-127
-127
139
-432
-117
-162
-100
199
-165
-195
-367
-198
-235
-476
-129
-546
-659
-335
-410
-84
-21
-175
-85
189
680
631
577
617
357
504
666
465
236
138
99
39
79
90
-224
-316
-94
-127
-24
-13
-278
-235
-273
-303
-254
-404
-488
-530
-449
-418
-392
-273
-256
-128
-50
115
443
418
483
682
559
588
587
419
438
240
79
81
-49
-81
-125
-172
-183
-172
-78
-46
-112
-160
-242
-325
-304
-329
-427
-529
-521
-425
-348
-306
-282
-180
0
192
368
492
524
564
603
639
650
486
371
298
220
203
55
-10
-119
-220
-96
-68
-68
-98
-149
-123
-139
-185
-305
-427
-455
-519
-518
-486
-486
-424
-353
-220
-46
96
283
416
510
656
730
664
597
505
395
310
231
161
-2
-89
-136
-169
-155
-140
-118
-158
-145
-126
-113
-210
-392
-445
-412
-467
-559
-550
-539
-477
-364
-283
-131
21
141
390
613
690
728
751
697
612
571
495
373
250
122
-10
-64
-181
-184
-137
-118
-74
-162
-160
-115
-199
-319
-476
-531
-517
-533
-567
-604
-524
-441
-328
-120
-5
158
399
563
745
819
825
803
664
540
516
402
239
33
-43
-30
-284
-193
-114
-230
-92
-110
-146
-95
-180
-372
-458
-451
-563
-640
-652
-689
-643
-529
-431
-290
-135
42
304
475
651
844
861
796
712
600
589
495
326
211
87
-98
-207
-136
-196
-230
-143
-184
-123
-74
-170
-271
-404
-437
-550
-659
-597
-598
-584
-499
-351
-284
-146
130
215
479
751
821
1046
978
868
887
676
652
529
274
116
-70
-136
-180
-238
-238
-210
-135
-64
-135
-253
-267
-438
-614
-647
-692
-789
-846
-835
-731
-513
-460
-324
0
147
463
678
836
940
845
913
741
682
637
335
339
208
-6
-138
-255
-225
-254
-210
-99
-183
-90
-65
-258
-266
-387
-582
-612
-656
-767
-706
-693
-652
-392
-387
-203
213
337
587
856
954
1093
1030
1000
898
715
646
400
210
107
-71
-205
-257
-255
-200
-249
-220
-121
-250
-237
-267
-535
-548
-602
-792
-777
-858
-899
-711
-554
-445
-285
57
249
494
899
1035
1124
1153
1071
967
815
663
500
314
181
-48
-198
-254
-333
-268
-207
-183
-155
-197
-253
-315
-455
-657
-703
-742
-907
-892
-854
-820
-698
-549
-239
18
212
562
736
924
1153
1198
1163
982
906
779
593
512
230
18
-72
-219
-291
-246
-253
-293
-181
-171
-279
-357
-524
-700
-694
-786
-904
-880
-914
-877
-773
-633
-498
-233
100
333
704
1006
1189
1287
1270
1185
982
916
774
566
409
162
-75
-199
-234
-318
-276
-227
-186
-114
-255
-202
-285
-602
-657
-761
-902
-958
-986
-913
-820
-724
-501
-213
31
383
685
911
1211
1286
1285
1247
1029
961
806
575
396
212
12
-232
-315
-292
-264
-257
-225
-194
-226
-222
-381
-545
-669
-816
-858
-943
-1003
-981
-918
-754
-639
-458
-92
165
364
788
1051
1187
1342
1213
1052
988
810
645
567
294
29
-66
-229
-291
-247
-234
-185
-157
-148
-182
-301
-459
-605
-746
-868
-935
-1094
-1137
-980
-1022
-831
-594
-364
155
424
743
1135
1247
1352
1459
1287
1141
1109
881
687
488
238
29
-136
-208
-201
-184
-192
-47
-120
-253
-236
-481
-577
-728
-965
-919
-998
-1094
-1044
-984
-785
-538
-365
-126
192
497
842
1065
1197
1261
1169
1034
940
795
624
440
247
57
-119
-208
-230
-243
-275
-248
-155
-133
-267
-343
-526
-758
-769
-947
-1095
-1083
-1094
-996
-871
-665
-504
-171
343
582
948
1284
1367
1567
1514
1306
1249
1014
841
656
497
269
-151
-206
-297
-403
-302
-238
-193
-276
-189
-193
-497
-646
-809
-979
-1073
-1176
-1201
-1141
-988
-851
-652
-307
37
354
798
1144
1365
1555
1579
1392
1182
1179
926
649
419
70
-90
-340
-468
-458
-488
-436
-403
-418
-380
-433
-566
-681
-915
-935
-1027
-1261
-1129
-1139
-1121
-873
-662
-341
15
361
823
1254
1443
1636
1719
1552
1414
1279
1056
917
690
442
277
-88
-297
-258
-425
-283
-113
-269
-260
-250
-378
-594
-811
-973
-1147
-1245
-1291
-1307
-1199
-1002
-801
-628
-149
268
461
993
1322
1551
1778
1664
1480
1266
1108
949
710
440
150
-120
-316
-331
-337
-337
-337
-267
-171
-186
-288
-570
-734
-926
-1033
-1054
-1248
-1290
-1260
-1128
-930
-774
-397
-31
316
726
1114
1416
1529
1547
1430
1261
1118
966
745
488
247
-41
-176
-330
-361
-342
-378
-259
-322
-296
-243
-462
-655
-857
-1051
-1156
-1224
-1303
-1310
-1123
-930
-700
-361
58
404
761
1244
1544
1750
1810
1747
1612
1382
1298
1045
713
444
148
-133
-275
-265
-355
-372
-265
-272
-229
-218
-421
-650
-870
-1095
-1180
-1343
-1445
-1370
-1361
-1200
-961
-795
-430
59
339
824
1293
1445
1623
1588
1399
1329
1152
980
716
461
233
-65
-283
-376
-376
-343
-191
-103
-170
-196
-289
-470
-733
-947
-1084
-1239
-1305
-1317
-1416
-1308
-1006
-798
-385
116
320
872
1424
1618
1900
1991
1661
1473
1391
1070
855
594
205
-78
-284
-346
-406
-412
-346
-295
-189
-184
-235
-359
-689
-891
-1003
-1194
-1275
-1326
-1315
-1215
-957
-743
-474
51
344
735
1277
1475
1736
1884
1717
1565
1332
1162
981
676
506
137
-244
-365
-508
-496
-508
-462
-355
-428
-423
-532
-825
-1003
-1181
-1342
-1423
-1533
-1552
-1513
-1289
-1019
-691
-254
63
473
1016
1398
1747
1990
1933
1783
1604
1456
1201
935
604
320
11
-325
-349
-367
-419
-275
-169
-216
-193
-245
-450
-738
-1054
-1096
-1330
-1514
-1462
-1457
-1293
-1106
-835
-494
-112
336
813
1346
1701
1897
1909
1768
1551
1356
1190
901
628
416
54
-232
-500
-571
-429
-369
-322
-322
-274
-268
-388
-622
-909
-1046
-1185
-1360
-1414
-1462
-1392
-1231
-925
-595
-222
295
733
1211
1657
1934
2056
2003
1769
1553
1360
1058
793
436
73
-194
-436
-509
-528
-522
-407
-352
-352
-365
-420
-634
-933
-1061
-1257
-1447
-1442
-1583
-1498
-1169
-1077
-796
-355
62
577
1154
1578
1807
1991
2030
1833
1718
1503
1263
1012
549
290
0
-371
-433
-476
-514
-439
-334
-329
-360
-403
-627
-869
-1063
-1256
-1405
-1531
-1575
-1521
-1409
-1216
-935
-536
75
444
875
1401
1640
1941
2117
1987
1755
1486
1306
961
629
396
44
-340
-472
-428
-498
-397
-259
-265
-240
-322
-475
-727
-980
-1108
-1287
-1515
-1636
-1586
-1542
-1333
-966
-724
-298
185
656
1177
1606
1996
2156
2054
1927
1755
1476
1266
966
551
282
-135
-378
-340
-385
-385
-282
-277
-308
-245
-360
-714
-972
-1173
-1328
-1458
-1665
-1729
-1595
-1377
-1170
-879
-440
-19
473
1050
1529
1900
2031
2122
2045
1742
1566
1359
1015
657
429
-32
-450
-476
-560
-575
-437
-379
-366
-340
-327
-648
-890
-1009
-1344
-1443
-1430
-1627
-1726
-1466
-1197
-1033
-513
-39
290
876
1404
1872
2196
2244
2078
1929
1725
1415
1158
767
470
26
-377
-364
-465
-604
-511
-412
-339
-379
-426
-546
-911
-1091
-1293
-1459
-1593
-1734
-1740
-1742
-1484
-1150
-855
-295
207
615
1186
1782
2071
2225
2220
1938
1779
1626
1357
1022
638
296
7
-310
-371
-377
-512
-405
-202
-196
-223
-398
-724
-954
-1211
-1339
-1484
-1618
-1653
-1619
-1329
-1119
-841
-353
89
591
1114
1625
1986
2268
2268
2037
1792
1575
1370
1010
703
369
-68
-308
-499
-588
-664
-575
-397
-466
-473
-562
-699
-948
-1243
-1325
-1505
-1684
-1753
-1753
-1604
-1384
-1033
-703
-117
386
814
1491
1816
2106
2327
2155
1922
1723
1529
1281
935
526
152
-291
-486
-465
-528
-444
-355
-397
-299
-313
-480
-745
-1016
-1198
-1484
-1595
-1583
-1688
-1557
-1278
-1103
-894
-329
209
504
1295
1722
1926
2409
2256
2027
1880
1586
1376
983
667
267
-78
-379
-598
-408
-499
-507
-317
-282
-339
-480
-671
-959
-1207
-1455
-1639
-1725
-1846
-1818
-1620
-1309
-948
-588
0
482
1007
1645
2029
2257
2349
2267
2018
1791
1621
1266
846
556
121
-271
-349
-449
-549
-378
-357
-329
-342
-478
-614
-916
-1245
-1481
-1674
-1848
-1884
-1899
-1821
-1477
-1212
-854
-201
337
769
1451
1884
2164
2366
2237
2045
1641
1643
1239
814
764
79
-173
-310
-477
-383
-412
-354
-274
-152
-347
-558
-710
-1137
-1341
-1442
-1638
-1812
-1887
-1734
-1641
-1343
-857
-538
320
516
1084
2176
2002
2287
2608
2047
1829
1858
1590
1110
795
446
-117
-256
-358
-540
-402
-395
-300
-175
-308
-432
-623
-981
-1290
-1489
-1731
-1864
-1974
-1975
-1807
-1542
-1228
-735
-133
258
861
1575
1981
2313
2433
2331
2043
1837
1668
1321
982
561
74
-237
-429
-599
-628
-511
-399
-296
-326
-408
-571
-823
-1045
-1305
-1535
-1744
-1820
-1865
-1724
-1383
-1227
-803
-104
268
841
1557
1944
2325
2460
2408
2214
1917
1693
1419
1001
620
254
-209
-411
-523
-688
-561
-479
-457
-427
-524
-555
-839
-1244
-1372
-1553
-1810
-1870
-1915
-1855
-1608
-1383
-1023
-474
23
595
1265
1829
2222
2464
2418
2223
2007
1810
1562
1140
770
453
15
-393
-513
-575
-673
-538
-393
-401
-371
-424
-651
-978
-1244
-1411
-1677
-1844
-1898
-1867
-1670
-1413
-1048
-654
-54
479
1035
1765
2138
2421
2580
2352
2141
1967
1686
1365
908
496
122
-267
-489
-589
-680
-642
-428
-336
-367
-421
-619
-949
-1218
-1486
-1686
-1839
-2055
-1970
-1833
-1703
-1289
-929
-430
215
745
1384
1953
2276
2453
2385
2172
1971
1732
1433
1101
732
309
-77
-393
-563
-540
-464
-363
-247
-286
-340
-418
-665
-1044
-1323
-1510
-1742
-1881
-1889
-1851
-1581
-1332
-1031
-480
140
675
1250
1871
2283
2547
2633
2393
2098
1875
1610
1284
895
498
16
-366
-537
-545
-670
-585
-312
-413
-492
-452
-703
-1030
-1390
-1570
-1726
-1993
-2025
-2002
-1869
-1643
-1275
-830
-243
368
885
1622
2109
2446
2665
2463
2188
1969
1719
1366
942
573
189
-244
-487
-589
-614
-542
-488
-409
-417
-472
-599
-930
-1269
-1466
-1640
-1876
-1987
-2003
-1916
-1658
-1359
-979
-394
205
743
1438
2055
2404
2664
2628
2431
2146
1924
1686
1220
847
412
-95
-412
-523
-611
-587
-492
-453
-389
-421
-540
-795
-1144
-1430
-1607
-1830
-1989
-2013
-2029
-1791
-1433
-1155
-637
80
542
1220
1922
2297
2625
2665
2458
2163
1988
1740
1349
975
559
80
-352
-536
-656
-664
-481
-424
-456
-512
-537
-729
-1083
-1347
-1676
-1813
-1950
-2070
-2005
-1870
-1581
-1205
-796
-184
378
980
1664
2211
2565
2687
2646
2317
2078
1869
1483
1144
757
290
-225
-444
-476
-589
-564
-493
-388
-388
-476
-574
-905
-1261
-1487
-1600
-1859
-2021
-2016
-1975
-1724
-1417
-1044
-429
202
672
1385
1985
2359
2691
2645
2386
2143
1908
1648
1267
885
357
-155
-447
-666
-723
-659
-594
-472
-398
-447
-545
-831
-1180
-1466
-1661
-1873
-2071
-2136
-2105
-1925
-1566
-1208
-726
-65
457
1061
1812
2272
2558
2714
2478
2167
2012
1718
1440
1112
499
188
-212
-500
-410
-533
-451
-312
-271
-188
-394
-599
-853
-1296
-1502
-1593
-1873
-2037
-2013
-1923
-1701
-1397
-962
-361
157
797
1571
2081
2462
2742
2652
2356
2191
2002
1590
1154
774
247
-214
-528
-685
-701
-726
-553
-405
-405
-454
-603
-900
-1256
-1495
-1711
-1911
-2109
-2184
-2027
-1837
-1548
-1151
-572
108
596
1334
2054
2411
2746
2729
2481
2257
2000
1751
1411
946
498
59
-324
-448
-498
-632
-566
-407
-399
-407
-450
-716
-1156
-1265
-1598
-1923
-1906
-2125
-2084
-1901
-1534
-1134
-759
-16
533
1168
1918
2328
2704
2713
2662
2464
1955
1888
1554
962
744
8
-384
-343
-878
-401
-234
-929
-301
-344
-612
-511
-1307
-1517
-1492
-1945
-2163
-2130
-2246
-2038
-1652
-1570
-899
-226
151
941
1596
2126
2630
2715
2681
2412
2127
1967
1615
1161
657
185
-193
-488
-555
-640
-733
-598
-506
-471
-438
-615
-937
-1299
-1620
-1772
-1967
-2194
-2153
-2085
-1832
-1469
-1140
-608
67
658
1420
2165
2495
2817
2860
2648
2419
2167
1896
1447
965
508
8
-381
-551
-568
-644
-526
-382
-441
-398
-432
-747
-1069
-1349
-1595
-1800
-2003
-2096
-2116
-1912
-1606
-1258
-731
-93
501
1080
1812
2407
2705
2850
2680
2382
2146
1874
1474
1031
579
162
-264
-597
-623
-665
-631
-503
-452
-469
-511
-657
-1016
-1408
-1597
-1767
-2024
-2178
-2255
-2145
-1846
-1513
-1077
-496
136
805
1507
2132
2568
2756
2782
2535
2226
1970
1602
1190
720
300
-154
-531
-574
-635
-584
-369
-472
-464
-352
-515
-782
-1236
-1494
-1641
-1951
-2062
-2148
-2228
-1952
-1591
-1178
-628
-112
430
1248
2014
2436
2755
2755
2566
2377
2050
1793
1423
914
620
172
-336
-492
-484
-509
-509
-423
-346
-310
-458
-664
-994
-1408
-1608
-1833
-2023
-2171
-2197
-1989
-1660
-1375
-856
-121
441
1134
1930
2415
2773
2971
2859
2618
2306
2045
1604
1162
780
269
-235
-633
-702
-763
-737
-633
-556
-496
-496
-668
-973
-1364
-1729
-1878
-2104
-2329
-2339
-2260
-1982
-1661
-1270
-556
113
670
1480
2186
2535
2770
2822
2640
2353
2091
1857
1351
906
523
-35
-436
-576
-646
-593
-480
-427
-428
-463
-542
-777
-1187
-1511
-1721
-1965
-2106
-2202
-2228
-2019
-1636
-1252
-770
-44
613
1243
2048
2556
2863
3030
2776
2452
2243
1944
1534
1043
596
123
-333
-579
-657
-667
-596
-562
-500
-501
-580
-782
-1202
-1510
-1764
-1871
-2091
-2303
-2260
-2137
-1776
-1425
-950
-281
281
1020
1821
2358
2798
2974
2763
2596
2271
1973
1690
1154
758
291
-309
-608
-687
-617
-749
-573
-396
-582
-485
-670
-1014
-1236
-1623
-1791
-1944
-2174
-2111
-2085
-1882
-1458
-1158
-495
248
689
1583
2316
2617
2998
3051
2725
2414
2229
1895
1382
965
505
-107
-443
-478
-585
-630
-602
-452
-355
-399
-523
-797
-1215
-1578
-1747
-1971
-2193
-2326
-2237
-1989
-1687
-1314
-781
-53
515
1155
1928
2399
2763
2897
2667
2346
2134
1876
1494
979
498
115
-374
-668
-694
-811
-676
-498
-535
-517
-561
-722
-1069
-1461
-1719
-1898
-2121
-2265
-2266
-2149
-1856
-1507
-1061
-402
214
857
1714
2285
2642
2937
2830
2553
2268
2045
1724
1295
938
456
-117
-492
-573
-591
-626
-430
-224
-349
-411
-456
-788
-1208
-1468
-1665
-1879
-2167
-2310
-2149
-1981
-1666
-1148
-609
63
690
1470
2313
2682
2960
3095
2834
2503
2288
1893
1481
1157
637
99
-314
-629
-647
-692
-701
-458
-504
-603
-611
-809
-1187
-1600
-1808
-2041
-2364
-2501
-2392
-2231
-1952
-1529
-1017
-324
379
1072
1901
2387
2756
2964
2749
2406
2136
1848
1479
1072
631
171
-288
-550
-622
-713
-649
-496
-407
-460
-470
-605
-1056
-1346
-1562
-1924
-2114
-2276
-2295
-2105
-1843
-1527
-1075
-371
244
876
1744
2378
2793
3121
3085
2760
2507
2263
1920
1485
1014
516
-27
-353
-489
-570
-643
-534
-453
-507
-498
-634
-969
-1423
-1767
-1914
-2123
-2367
-2449
-2359
-2141
-1751
-1352
-745
18
654
1444
2098
2569
2941
2969
2796
2515
2289
2035
1626
1081
572
64
-346
-564
-646
-727
-701
-546
-482
-427
-528
-837
-1210
-1528
-1757
-1984
-2230
-2393
-2321
-2194
-1839
-1420
-966
-209
429
1085
1923
2452
2826
3036
2863
2599
2325
1997
1651
1195
730
283
-209
-620
-666
-694
-648
-493
-465
-429
-465
-667
-1051
-1389
-1618
-1910
-2148
-2349
-2395
-2240
-1920
-1609
-1171
-457
201
887
1720
2360
2780
3037
3001
2781
2443
2224
1859
1365
970
477
-137
-541
-586
-686
-714
-586
-505
-449
-412
-485
-861
-1247
-1522
-1760
-2026
-2264
-2329
-2274
-2055
-1707
-1330
-771
36
569
1304
2093
2507
2874
2993
2774
2462
2232
2030
1525
1001
569
10
-414
-579
-671
-680
-569
-505
-487
-396
-571
-819
-1169
-1546
-1675
-1832
-2062
-2154
-2264
-2136
-1768
-1528
-1050
-295
378
1041
1851
2459
2855
3114
3013
2708
2534
2213
1780
1392
895
388
-157
-535
-507
-646
-618
-443
-489
-396
-517
-738
-1015
-1449
-1680
-1976
-2354
-2548
-2585
-2419
-2161
-1837
-1302
-702
-64
619
1488
2191
2580
2894
2895
2682
2396
2173
1924
1471
999
546
0
-462
-675
-667
-731
-703
-601
-490
-408
-565
-787
-1139
-1538
-1788
-2048
-2390
-2354
-2224
-2104
-1715
-1391
-862
10
639
1335
2244
2727
3032
3227
3004
2727
2532
2170
1707
1225
770
213
-205
-492
-650
-743
-743
-520
-428
-408
-483
-734
-1143
-1551
-1821
-2026
-2286
-2416
-2417
-2333
-1971
-1571
-1161
-474
233
902
1692
2362
2752
3051
3013
2651
2355
2178
1806
1304
884
317
-251
-615
-699
-727
-782
-624
-503
-484
-484
-699
-1016
-1360
-1659
-1873
-2153
-2339
-2424
-2302
-2014
-1677
-1193
-504
140
793
1605
2343
2819
3118
3210
2941
2614
2455
2166
1643
1149
635
56
-458
-663
-635
-859
-765
-560
-532
-420
-598
-803
-1196
-1522
-1654
-2046
-2327
-2441
-2403
-2236
-1898
-1497
-992
-215
468
1282
2087
2545
2966
3135
2845
2508
2405
2096
1620
1161
665
169
-356
-608
-721
-815
-702
-600
-468
-459
-506
-665
-1022
-1247
-1669
-2175
-2335
-2484
-2532
-2231
-2110
-1697
-1069
-516
281
853
1604
2355
2712
3152
3172
2881
2561
2346
2206
1633
1192
620
10
-281
-460
-610
-779
-695
-554
-536
-602
-620
-874
-1287
-1580
-1908
-2152
-2303
-2463
-2397
-1984
-1598
-1232
-536
104
677
1467
2125
2653
2964
2916
2701
2342
2041
1834
1232
715
385
-169
-603
-791
-791
-914
-781
-480
-566
-574
-518
-697
-1112
-1545
-1800
-2007
-2450
-2555
-2479
-2432
-2027
-1537
-1037
-255
453
1094
2037
2622
2951
3216
3169
2867
2546
2387
2096
1596
1058
632
170
-217
-406
-510
-463
-387
-339
-283
-283
-566
-1039
-1417
-1710
-1936
-2221
-2418
-2466
-2221
-1795
-1607
-1286
-539
161
945
1824
2401
2770
3015
3044
2846
2422
2053
1637
1108
719
255
-321
-767
-871
-947
-994
-965
-871
-710
-700
-729
-975
-1439
-1799
-2046
-2357
-2548
-2642
-2567
-2235
-1913
-1506
-881
-209
493
1317
2150
2738
3108
3317
3165
2883
2665
2342
1916
1366
939
455
-190
-389
-408
-532
-379
-333
-455
-361
-361
-684
-1091
-1376
-1604
-1889
-2184
-2431
-2364
-2174
-1879
-1472
-912
-76
551
1159
1985
2564
2839
3134
3068
2671
2444
2187
1797
1340
827
275
-323
-656
-818
-818
-742
-722
-580
-580
-608
-828
-1189
-1484
-1931
-2055
-2216
