-6375
-7608
-8456
-8826
-8926
-8925
-8733
-8293
-7733
-7057
-6314
-5505
-4351
-2849
-1050
1073
3339
5535
7453
9084
10380
11122
11373
11262
10743
10053
9164
8029
6765
5324
3643
1759
-238
-2282
-4342
-6272
-7802
-8910
-9615
-9963
-10029
-9928
-9612
-9049
-8457
-7690
-6840
-5877
-4508
-2806
-878
1292
3593
5801
7796
9457
10654
11294
11466
11247
10755
9958
8978
7797
6369
4849
3063
1100
-934
-2977
-5030
-6881
-8323
-9309
-9945
-10234
-10254
-10024
-9595
-9020
-8361
-7516
-6518
-5404
-3998
-2176
-146
2079
4451
6705
8583
10057
11070
11616
11666
11357
10670
9805
8776
7476
6028
4329
2391
309
-1780
-3766
-5738
-7548
-8925
-9791
-10255
-10386
-10290
-10040
-9599
-9052
-8340
-7448
-6321
-5029
-3547
-1649
603
3028
5465
7622
9397
10776
11729
12097
11994
11599
10780
9772
8559
7202
5598
3696
1625
-512
-2612
-4745
-6723
-8325
-9515
-10225
-10595
-10687
-10597
-10277
-9744
-9082
-8302
-7385
-6268
-4845
-3034
-924
1497
4008
6315
8352
10065
11339
12081
12311
12191
11597
10760
9813
8519
7025
5288
3169
1012
-1189
-3503
-5676
-7563
-9023
-9939
-10484
-10696
-10711
-10556
-10207
-9712
-9056
-8165
-7116
-5890
-4298
-2211
130
2635
5223
7557
9501
11036
12115
12626
12665
12254
11488
10663
9561
8114
6535
4595
2441
132
-2230
-4448
-6674
-8529
-9770
-10592
-11024
-11155
-11072
-10756
-10312
-9684
-8931
-8041
-7033
-5580
-3736
-1598
931
3651
6252
8506
10393
11786
12636
12973
12764
12126
11346
10384
9088
7586
5854
3848
1643
-705
-2989
-5368
-7532
-9124
-10246
-10968
-11331
-11363
-11127
-10783
-10236
-9624
-8780
-7800
-6684
-5142
-3136
-737
1935
4731
7305
9437
11177
12367
13067
13268
12949
12249
11306
10168
8727
7079
5194
3033
717
-1686
-4049
-6279
-8337
-9861
-10804
-11350
-11552
-11515
-11270
-10833
-10162
-9421
-8529
-7404
-6005
-4277
-2190
348
3093
5772
8186
10437
12034
12914
13467
13501
12996
12125
11109
9808
8223
6378
4374
2137
-215
-2720
-5167
-7327
-9085
-10471
-11350
-11667
-11733
-11731
-11340
-10701
-10072
-9263
-8254
-6976
-5405
-3504
-1153
1541
4361
7079
9446
11414
12780
13496
13761
13554
12852
11803
10633
9278
7555
5636
3475
1031
-1492
-3998
-6410
-8470
-10073
-11252
-11887
-11971
-11916
-11772
-11380
-10680
-9919
-9061
-7873
-6485
-4709
-2530
88
2942
5704
8354
10561
12264
13459
13965
13936
13479
12692
11594
10273
8745
6910
4790
2466
-35
-2669
-5192
-7482
-9383
-10800
-11703
-12123
-12243
-12068
-11701
-11161
-10426
-9516
-8463
-7257
-5706
-3763
-1352
1415
4386
7289
9734
11652
13213
14100
14256
14025
13430
12400
11165
9792
8056
6030
3731
1227
-1379
-3914
-6425
-8706
-10451
-11561
-12144
-12473
-12436
-12164
-11813
-11202
-10310
-9306
-8220
-6790
-4988
-2701
-80
2783
5774
8570
10900
12606
13821
14518
14598
14041
13204
12169
10795
9100
7234
5096
2609
-91
-2789
-5329
-7725
-9773
-11269
-12140
-12506
-12615
-12575
-12154
-11546
-10924
-10117
-9010
-7682
-6075
-4062
-1538
1412
4517
7472
10145
12252
13736
14611
14982
14862
14100
12999
11798
10380
8539
6434
4000
1264
-1492
-4206
-6763
-9078
-10840
-12098
-12814
-12967
-12975
-12763
-12304
-11617
-10901
-10011
-8806
-7283
-5367
-3027
-211
2864
6089
9044
11421
13342
14616
15179
15231
14709
13835
12658
11273
9634
7662
5355
2749
-36
-2869
-5612
-8108
-10254
-11803
-12756
-13228
-13260
-13119
-12732
-12111
-11390
-10472
-9361
-8050
-6381
-4270
-1552
1553
4817
7944
10732
13023
14596
15454
15712
15431
14605
13535
12228
10667
8737
6562
3982
1244
-1587
-4562
-7248
-9556
-11449
-12687
-13415
-13663
-13635
-13446
-12879
-12168
-11353
-10352
-9184
-7601
-5698
-3257
-261
3053
6556
9610
12091
14086
15461
16086
16056
15457
14498
13233
11761
10013
8027
5586
2737
-188
-3160
-5957
-8605
-10833
-12384
-13281
-13720
-13792
-13581
-13233
-12788
-12015
-11008
-9894
-8610
-6789
-4455
-1685
1574
5107
8466
11282
13599
15209
16302
16699
16395
15423
14210
12873
11096
9115
6846
4057
1012
-1959
-4877
-7724
-10191
-12109
-13390
-14096
-14295
-14199
-13954
-13565
-12852
-11987
-10854
-9500
-7895
-5702
-3070
19
3594
7229
10420
13150
15098
16333
17044
17082
16348
15269
13973
12272
10318
8050
5363
2348
-784
-3819
-6695
-9384
-11579
-13103
-13983
-14344
-14412
-14313
-13888
-13257
-12580
-11689
-10402
-8869
-6957
-4400
-1333
2215
5994
9430
12434
14792
16314
17198
17427
17039
16000
14721
13237
11389
9233
6649
3685
519
-2743
-5807
-8638
-11146
-13040
-14140
-14645
-14730
-14690
-14458
-13972
-13245
-12347
-11232
-9754
-7892
-5546
-2591
899
4756
8481
11668
14331
16295
17406
17813
17645
16892
15736
14143
12425
10356
7884
5016
1814
-1485
-4804
-7815
-10571
-12674
-14053
-14953
-15284
-15241
-14958
-14498
-13833
-13024
-11969
-10587
-8947
-6708
-3934
-623
3196
7181
10770
13653
15955
17503
18181
18219
17517
16460
15143
13429
11428
9195
6331
3098
-314
-3627
-6786
-9851
-12278
-14012
-15056
-15507
-15523
-15377
-15020
-14491
-13714
-12653
-11412
-9834
-7788
-5102
-1845
1934
6000
9806
13031
15408
17361
18668
18872
18254
17309
15987
14292
12384
10127
7420
4224
826
-2531
-5810
-8905
-11684
-13750
-14899
-15441
-15793
-15791
-15481
-15056
-14383
-13267
-11960
-10538
-8626
-6144
-3005
760
4696
8522
11968
14886
17071
18433
19045
18966
18052
16766
15290
13494
11186
8541
5520
2073
-1328
-4781
-8102
-10915
-13223
-14838
-15661
-15966
-16025
-15845
-15367
-14629
-13751
-12703
-11253
-9457
-7181
-4268
-726
3354
7702
11469
14376
16752
18455
19231
19131
18523
17421
15817
14039
11985
9557
6644
3143
-410
-3853
-7188
-10377
-12953
-14637
-15675
-16181
-16212
-16006
-15696
-15232
-14412
-13322
-12097
-10517
-8319
-5506
-2003
2092
6311
10186
13609
16296
18198
19295
19605
19115
18101
16805
15118
13018
10559
7740
4436
935
-2711
-6260
-9515
-12243
-14305
-15587
-16318
-16579
-16425
-16103
-15478
-14601
-13813
-12603
-11037
-9014
-6395
-3173
645
4920
9102
12692
15655
17841
19213
19726
19565
18746
17484
15803
13772
11470
8827
5667
2101
-1497
-4973
-8277
-11310
-13640
-15239
-16207
-16580
-16567
-16284
-15856
-15174
-14102
-12932
-11535
-9746
-7436
-4580
-1003
3213
7523
11455
14708
17071
18832
19898
19995
19324
17994
16388
14551
12393
9852
6857
3332
-294
-3781
-7227
-10383
-13007
-15049
-16206
-16670
-16800
-16657
-16349
-15617
-14669
-13658
-12240
-10603
-8455
-5626
-2222
1834
6128
10195
13615
16468
18558
19864
20159
19749
18729
17286
15632
13556
11090
8221
4903
1216
-2411
-5948
-9362
-12257
-14353
-15693
-16447
-16621
-16596
-16372
-15859
-15065
-14103
-13045
-11591
-9583
-6996
-3811
21
4313
8566
12278
15313
17832
19421
19985
19939
19209
18019
16479
14632
12338
9619
6449
2915
-728
-4467
-8094
-11304
-13738
-15384
-16459
-16867
-16854
-16677
-16237
-15452
-14545
-13538
-12244
-10619
-8308
-5405
-1895
2275
6694
10837
14317
16963
18877
19939
20001
19462
18473
17141
15424
13352
10883
8025
4674
991
-2735
-6359
-9806
-12697
-14786
-16149
-16818
-17014
-16868
-16407
-15851
-15064
-13985
-12767
-11324
-9472
-6857
-3547
321
4716
9063
13007
16201
18488
19927
20544
20335
19260
17962
16449
14416
11968
9255
6208
2622
-1098
-4802
-8410
-11573
-14098
-15830
-16746
-17193
-17203
-16899
-16286
-15414
-14589
-13645
-12366
-10678
-8360
-5371
-1601
2681
7173
11321
14873
17604
19548
20650
20794
20014
18731
17281
15324
13177
10607
7608
4155
480
-3270
-6883
-10227
-13165
-15254
-16453
-17045
-17355
-17334
-16847
-16200
-15431
-14382
-12965
-11327
-9256
-6699
-3381
752
5282
9715
13489
16569
18959
20440
20969
20709
19651
18250
16538
14456
12062
9190
5822
2123
-1599
-5250
-8838
-12054
-14469
-16081
-16973
-17224
-17257
-17117
-16645
-15818
-14862
-13762
-12388
-10642
-8129
-4966
-1038
3313
7754
11847
15210
17944
19798
20679
20606
19827
18758
17373
15454
13242
10617
7516
3936
167
-3643
-7319
-10720
-13550
-15471
-16637
-17254
-17527
-17306
-16724
-16059
-15218
-14152
-12848
-11301
-9172
-6321
-2788
1399
5901
10216
13914
17009
19187
20407
20836
20390
19283
17977
16387
14216
11694
8924
5710
2076
-1738
-5502
-9066
-12228
-14643
-16199
-17044
-17356
-17404
-17141
-16454
-15502
-14604
-13560
-12099
-10344
-7884
-4645
-749
3496
7824
11799
15189
17925
19757
20644
20540
19798
18560
17112
15291
13017
10351
7170
3691
43
-3669
-7323
-10697
-13448
-15377
-16603
-17259
-17416
-17247
-16833
-16227
-15263
-14095
-12813
-11155
-9058
-6145
-2628
1400
5797
9975
13653
16568
18800
20159
20509
20051
19201
17850
16131
14154
11766
9029
5742
2071
-1656
-5392
-8886
-11955
-14354
-15964
-16814
-17196
-17225
-16874
-16434
-15732
-14699
-13497
-11967
-9974
-7528
-4466
-669
3563
7933
11910
15341
17873
19574
20443
20503
19833
18619
17073
15136
12933
10382
7304
3768
149
-3537
-7177
-10523
-13277
-15313
-16634
-17197
-17350
-17242
-16967
-16398
-15491
-14329
-12911
-11327
-9203
-6291
-2826
1088
5569
9901
13520
16552
18661
20089
20645
20195
19224
18078
16563
14395
11942
9164
5917
2158
-1624
-5267
-8792
-11962
-14313
-15849
-16692
-17021
-17149
-16978
-16428
-15713
-14985
-13879
-12367
-10494
-8076
-4856
-781
3595
7940
11810
15071
17727
19427
20292
20475
19821
18535
17087
15358
13301
10703
7467
4040
483
-3312
-7052
-10471
-13278
-15266
-16477
-17013
-17107
-17085
-16827
-16109
-15201
-14310
-13152
-11640
-9401
-6546
-3187
944
5464
9703
13395
16483
18748
20026
20252
19979
19334
18031
16303
14332
12129
9443
6135
2527
-1203
-4976
-8578
-11717
-14050
-15663
-16648
-16970
-16873
-16679
-16276
-15608
-14693
-13595
-12258
-10545
-8146
-5003
-1431
2648
7007
11128
14623
17131
18918
19876
20088
19482
18361
17111
15450
13379
10903
8138
4784
1034
-2801
-6381
-9692
-12623
-14724
-16111
-16759
-16973
-16842
-16405
-15779
-15046
-14183
-12948
-11417
-9496
-6959
-3724
119
4262
8483
12266
15332
17718
19142
19719
19631
18745
17581
16235
14529
12434
9810
6785
3295
-325
-3966
-7435
-10626
-13329
-15220
-16236
-16585
-16639
-16433
-15957
-15261
-14493
-13486
-12231
-10690
-8621
-5874
-2390
1515
5832
9880
13191
16002
18139
19341
19591
19209
18374
17162
15570
13762
11602
8955
5782
2264
-1321
-5027
-8537
-11626
-13928
-15326
-16211
-16525
-16456
-16240
-15847
-15197
-14293
-13144
-11785
-10040
-7676
-4795
-1161
2907
7073
10883
14019
16414
18170
19133
19295
18688
17637
16465
14908
13050
10746
7912
4638
1119
-2486
-5983
-9365
-12243
-14238
-15510
-16140
-16286
-16242
-15863
-15277
-14543
-13609
-12443
-11182
-9345
-6674
-3522
140
4207
8320
11866
14865
17181
18538
19024
18873
18112
17099
15942
14223
12142
9792
6998
3592
-99
-3678
-7282
-10562
-13052
-14740
-15806
-16231
-16183
-15953
-15541
-14973
-14238
-13287
-12124
-10664
-8726
-5927
-2429
1297
5307
9321
12707
15453
17425
18602
18938
18567
17694
16648
15405
13607
11450
8930
5999
2628
-1015
-4702
-8117
-11138
-13430
-14806
-15678
-16059
-16072
-15793
-15270
-14582
-13775
-12740
-11538
-9945
-7718
-4891
-1353
2565
6499
10328
13627
16134
17793
18656
18765
18197
17244
15964
14486
12683
10492
7901
4819
1496
-2109
-5675
-8999
-11772
-13859
-15195
-15770
-15921
-15921
-15660
-15069
-14265
-13376
-12305
-10904
-8969
-6532
-3557
119
4049
7747
11129
14227
16611
17924
18439
18481
17889
16740
15556
13999
11946
9580
6810
3735
416
-3067
-6681
-9815
-12210
-14029
-15205
-15721
-15721
-15688
-15250
-14544
-13786
-12962
-11813
-10202
-8232
-5700
-2697
855
4945
8729
11982
14592
16654
17816
18185
18020
17252
16155
14621
13087
11223
8820
6066
2687
-724
-4039
-7353
-10381
-12760
-14378
-15322
-15662
-15552
-15344
-14998
-14329
-13494
-12393
-11154
-9617
-7600
-4876
-1582
2022
5875
9515
12598
14960
16828
17925
18087
17569
16669
15536
14108
12417
10331
7759
4891
1746
-1539
-4881
-8125
-11093
-13271
-14499
-15209
-15582
-15517
-15284
-14723
-13854
-12883
-11826
-10678
-8952
-6653
-3819
-461
3190
6844
10299
13339
15638
17199
17914
18002
17407
16414
15180
13718
11812
9630
7112
4097
946
-2456
-5725
-8753
-11445
-13327
-14547
-15151
-15340
-15242
-14783
-14100
-13385
-12549
-11414
-9974
-8153
-5651
-2667
618
4308
7870
11144
13998
16016
17179
17606
17508
16899
15874
14519
12920
10997
8645
6020
3055
-209
-3593
-6795
-9773
-12145
-13831
-14880
-15275
-15379
-15203
-14805
-14111
-13227
-12283
-11024
-9380
-7263
-4756
-1722
1766
5463
8918
11878
14371
16126
17138
17465
17266
16505
15334
13988
12358
10294
7942
5147
2021
-1149
-4450
-7711
-10394
-12517
-14095
-14957
-15251
-15251
-15069
-14683
-13876
-13049
-11969
-10434
-8688
-6510
-3846
-674
2863
6533
9716
12536
14780
16361
17152
17372
17059
16097
14837
13455
11801
9721
7266
4247
1182
-2001
-5254
-8242
-10741
-12743
-14204
-14846
-15018
-14983
-14750
-14361
-13564
-12525
-11357
-9927
-8036
-5777
-2944
400
4064
7639
10617
13251
15366
16695
17236
17154
16524
15514
14216
12788
11029
8772
6224
3279
266
-2813
-5991
-8985
-11432
-13216
-14257
-14644
-14799
-14845
-14640
-14141
-13221
-12144
-10981
-9529
-7747
-5276
-2028
1351
4789
8201
11222
13746
15587
16640
17116
16889
16106
15130
13954
12486
10459
8066
5495
2581
-532
-3744
-6855
-9600
-11881
-13433
-14236
-14567
-14826
-14787
-14344
-13636
-12816
-11814
-10578
-8974
-6806
-4169
-1105
2268
5760
9101
12020
14355
15964
16816
17025
16743
16014
14809
13395
11612
9547
7316
4541
1481
-1645
-4759
-7807
-10410
-12390
-13803
-14526
-14781
-14869
-14650
-14236
-13439
-12361
-11275
-10050
-8451
-6102
-3199
-10
3418
6828
9967
12648
14753
16182
16909
16864
16391
15539
14437
12950
10966
8847
6488
3656
528
-2566
-5673
-8459
-10845
-12639
-13742
-14435
-14648
-14573
-14344
-13789
-13149
-12237
-11005
-9580
-7622
-5137
-2234
1056
4631
7918
10861
13412
15182
16316
16836
16838
16114
15059
13877
12361
10394
8119
5568
2525
-506
-3678
-6730
-9422
-11663
-13183
-14019
-14392
-14582
-14521
-14169
-13521
-12705
-11672
-10412
-8886
-6875
-4255
-1195
2205
5713
8882
11700
14057
15653
16495
16707
16428
15682
14553
13259
11667
9563
7209
4490
1554
-1445
-4524
-7565
-10161
-12064
-13443
-14206
-14500
-14505
-14318
-13864
-13064
-12212
-11195
-9810
-8149
-6049
-3389
-261
3118
6572
9731
12626
14746
15971
16642
16798
16221
15106
13964
12553
10782
8737
6367
3702
863
-2172
-5319
-8179
-10548
-12444
-13721
-14365
-14551
-14533
-14285
-13664
-12819
-11901
-10724
-9339
-7578
-5333
-2573
610
4110
7392
10259
12779
14790
16020
16402
16251
15699
14732
13414
11850
10009
7908
5436
2680
-141
-3071
-6011
-8808
-10984
-12574
-13717
-14157
-14321
-14180
-13776
-13076
-12230
-11282
-10081
-8560
-6679
-4362
-1532
1641
5013
8263
11066
13327
15044
16119
16439
16103
15342
14201
12946
11396
9539
7329
4832
2095
-879
-3843
-6729
-9423
-11550
-12926
-13752
-14119
-14240
-14082
-13680
-12943
-11900
-10770
-9575
-8081
-6039
-3416
-500
2603
5864
8942
11706
13959
15364
16146
16232
15844
14991
13778
12359
10659
8619
6452
3942
1104
-1689
-4589
-7406
-9884
-11796
-13148
-14003
-14257
-14225
-13975
-13545
-12730
-11735
-10653
-9398
-7740
-5578
-2864
162
3297
6550
9457
11934
14004
15461
16079
16079
15509
14646
13587
12173
10389
8196
5819
3292
465
-2417
-5278
-8038
-10381
-12138
-13350
-13883
-14079
-14111
-13864
-13296
-12346
-11387
-10201
-8796
-7060
-4829
-2135
917
4224
7458
10227
12669
14694
15804
16246
16142
15531
14530
13216
11650
9829
7603
5230
2604
-227
-3077
-5896
-8694
-10921
-12492
-13597
-14058
-14177
-14102
-13730
-13021
-12268
-11376
-10180
-8589
-6676
-4354
-1581
1600
5029
8286
11119
13449
15114
16041
16239
16098
15358
14166
12861
11273
9392
7203
4691
1889
-987
-3874
-6748
-9324
-11351
-12810
-13728
-14070
-14124
-13985
-13584
-12972
-12139
-11114
-9796
-8167
-6217
-3783
-847
2432
5785
8878
11544
13708
15222
15943
16181
15890
14980
13733
12405
10864
8937
6568
3915
1199
-1691
-4652
-7445
-9918
-11809
-13141
-13804
-13986
-13976
-13810
-13392
-12593
-11674
-10634
-9373
-7641
-5578
-3022
-65
3279
6688
9685
12322
14398
15689
16175
16197
15629
14680
13447
11952
10319
8346
6038
3413
618
-2262
-5152
-7956
-10357
-12073
-13358
-14041
-14190
-14019
-13674
-13162
-12451
-11545
-10294
-8865
-7055
-4902
-2385
660
4026
7285
10167
12626
14416
15632
16095
16083
15401
14381
13097
11492
9779
7671
5253
2617
-202
-3052
-5912
-8624
-10867
-12526
-13584
-14021
-14158
-14083
-13739
-13069
-12103
-10955
-9668
-8169
-6385
-4142
-1445
1625
4990
8166
10860
13310
15061
16028
16319
16067
15230
14072
12724
11043
9197
6960
4476
1833
-891
-3743
-6638
-9285
-11324
-12775
-13772
-14116
-14147
-14032
-13565
-12892
-11961
-10764
-9438
-7879
-5929
-3613
-720
2404
5706
8808
11391
13545
15059
15874
15960
15540
14725
13678
12273
10587
8747
6495
3987
1268
-1533
-4389
-7199
-9607
-11552
-12903
-13611
-13890
-14021
-13787
-13217
-12468
-11449
-10381
-9093
-7488
-5364
-2882
21
3261
6395
9457
11959
13954
15268
15827
15920
15363
14364
13195
11697
10092
8032
5776
3320
464
-2372
-5196
-7874
-10172
-11937
-13159
-13771
-14023
-13995
-13618
-12943
-12080
-11100
-9886
-8456
-6802
-4621
-2095
853
4064
7263
10142
12457
14277
15434
15743
15553
14896
13832
12522
10987
9348
7403
5129
2492
-211
-2954
-5736
-8300
-10611
-12291
-13311
-13876
-13949
-13677
-13277
-12577
-11687
-10605
-9354
-7966
-6140
-3894
-1250
1626
4858
8017
10650
12891
14485
15471
15786
15474
14668
13526
12204
10526
8721
6686
4348
1803
-848
-3520
-6298
-8939
-11070
-12536
-13396
-13826
-13747
-13390
-12951
-12165
-11134
-9964
-8675
-7359
-5684
-3297
-566
2439
5535
8473
11023
13062
14505
15296
15421
14867
13872
12750
11436
9876
8058
5924
3647
1088
-1556
-4295
-6976
-9503
-11488
-12700
-13393
-13612
-13581
-13186
-12494
-11763
-10773
-9550
-8253
-6772
-4809
-2400
312
3212
6269
9135
11471
13354
14564
15109
14994
14415
13466
12330
11057
9356
7397
5325
3001
418
-2228
-4884
-7478
-9819
-11534
-12577
-13243
-13388
-13177
-12832
-12187
-11241
-10236
-9041
-7656
-6065
-4086
-1738
1061
4098
7051
9649
11842
13567
14618
14987
14778
14072
13063
11832
10387
8799
6918
4748
2315
-187
-2866
-5545
-8055
-10205
-11720
-12769
-13303
-13376
-13179
-12764
-12074
-11037
-9886
-8714
-7283
-5548
-3443
-964
1741
4675
7557
10013
12181
13656
14580
14818
14414
13740
12646
11331
9809
8121
6275
4059
1626
-923
-3531
-6137
-8550
-10558
-12018
-12882
-13275
-13254
-12965
-12483
-11729
-10642
-9465
-8158
-6802
-5108
-2894
-279
2583
5457
8208
10584
12604
13969
14661
14796
14346
13405
12299
11091
9542
7742
5801
3583
1073
-1444
-4055
-6595
-8886
-10729
-11989
-12741
-12959
-13010
-12705
-12095
-11323
-10458
-9278
-7866
-6413
-4556
-2236
422
3288
6051
8658
10889
12701
13836
14248
14251
13818
12883
11718
10540
9017
7196
5147
2932
463
-2202
-4817
-7285
-9382
-11109
-12282
-12827
-12941
-12780
-12441
-11722
-10848
-9949
-8778
-7380
-5714
-3903
-1540
1222
4132
6986
9502
11587
13085
14041
14353
14097
13543
12630
11397
10068
8488
6650
4556
2165
-307
-2935
-5561
-7970
-9970
-11406
-12431
-12902
-12917
-12744
-12302
-11574
-10708
-9602
-8474
-7224
-5441
-3278
-861
1823
4702
7650
10027
11962
13395
14101
14321
13932
13277
12325
10991
9609
8011
6191
4090
1627
-1013
-3518
-6179
-8579
-10451
-11822
-12598
-12921
-12869
-12542
-12001
-11326
-10412
-9258
-7991
-6621
-4831
-2615
-41
2769
5618
8392
10749
12559
13703
14258
14238
13789
12922
11808
10630
9244
7469
5519
3334
918
-1612
-4273
-6813
-9124
-10917
-12100
-12702
-12882
-12770
-12433
-11802
-10955
-10045
-8965
-7701
-6237
-4328
-1975
672
3587
6376
8972
11232
12843
13791
14171
14009
13422
12524
11384
10096
8603
6872
4939
2636
103
-2463
-5151
-7643
-9627
-11256
-12303
-12752
-12820
-12576
-12129
-11538
-10715
-9612
-8422
-7079
-5555
-3670
-1262
1485
4415
7222
9711
11662
13099
13924
14202
13968
13187
12263
11204
9859
8337
6476
4280
1911
-600
-3141
-5681
-8111
-10151
-11583
-12367
-12661
-12830
-12649
-12110
-11390
-10537
-9497
-8380
-7008
-5211
-3057
-456
2345
5170
7863
10224
12183
13486
14035
14076
13754
13024
12062
10966
9590
7896
6000
3796
1308
-1176
-3887
-6476
-8729
-10490
-11740
-12441
-12613
-12654
-12417
-11878
-11067
-10195
-9324
-8084
-6481
-4584
-2372
213
3093
5994
8610
10811
12571
13636
14000
13932
13510
12701
11726
10501
8932
7265
5319
3030
579
-2027
-4712
-7325
-9415
-10984
-12054
-12662
-12885
-12745
-12310
-11717
-10968
-10079
-9016
-7750
-6116
-4081
-1712
882
3696
6650
9184
11259
12758
13550
13949
13929
13393
12526
11524
10262
8735
7054
5069
2711
151
-2488
-5080
-7473
-9630
-11190
-12149
-12559
-12622
-12449
-12026
-11439
-10726
-9747
-8576
-7179
-5551
-3568
-1182
1567
4478
7305
9723
11665
13118
13867
14083
13885
13178
12208
11105
9800
8264
6417
4254
1950
-577
-3142
-5687
-8101
-10126
-11512
-12310
-12582
-12573
-12399
-11993
-11408
-10532
-9480
-8308
-7006
-5289
-3079
-475
2292
5076
7751
10012
11843
13147
13794
13904
13590
12913
11975
10844
9502
7904
6041
3821
1472
-1139
-3750
-6342
-8632
-10446
-11747
-12406
-12721
-12632
-12259
-11825
-11024
-10108
-9101
-7961
-6497
-4726
-2499
112
2912
5802
8383
10597
12352
13408
13866
13868
13427
12742
11713
10401
9094
7501
5578
3342
916
-1610
-4269
-6836
-9057
-10777
-11958
-12482
-12622
-12425
-12073
-11592
-10837
-9901
-8782
-7684
-6217
-4275
-1972
594
3430
6307
8731
10818
12378
13312
13737
13657
13057
12323
11458
10195
8737
7126
5145
2825
362
-2119
-4792
-7334
-9424
-10993
-12005
-12447
-12596
-12385
-11943
-11307
-10515
-9620
-8537
-7352
-5804
-3856
-1407
1225
4016
6826
9186
11202
12668
13422
13737
13680
13017
12155
11174
9911
8438
6703
4715
2416
-120
-2718
-5327
-7725
-9617
-11041
-11984
-12395
-12497
-12361
-11970
-11217
-10299
-9436
-8339
-7076
-5421
-3397
-993
1694
4468
7084
9489
11410
12703
13423
13664
13454
12821
11909
10857
9525
8074
6277
4215
1963
-581
-3215
-5756
-8049
-9932
-11274
-12055
-12288
-12338
-12061
-11591
-10991
-10146
-9164
-8004
-6635
-4864
-2691
-331
2350
5213
7814
9870
11619
12899
13399
13517
13167
12427
11528
10427
9115
7647
5868
3729
1338
-1100
-3597
-6176
-8495
-10312
-11467
-12107
-12388
-12278
-12030
-11514
-10716
-9859
-8791
-7582
-6220
-4454
-2307
220
3017
5730
8126
10182
11790
12890
13394
13383
12944
12175
11258
10118
8799
7193
5269
3142
779
-1645
-4229
-6773
-8907
-10519
-11545
-12126
-12345
-12277
-11882
-11255
-10477
-9552
-8454
-7176
-5590
-3796
-1564
1008
3716
6288
8609
10632
12125
13050
13398
13358
12831
11928
10962
9780
8326
6713
4819
2569
160
-2331
-4959
-7354
-9334
-10877
-11804
-12224
-12308
-12140
-11742
-11085
-10228
-9213
-8077
-6835
-5232
-3254
-906
1672
4407
6952
9110
10995
12376
13125
13323
13144
12563
11747
10644
9362
7894
6090
4063
1748
-636
-3150
-5763
-8057
-9804
-11066
-11881
-12179
-12206
-12058
-11581
-10826
-9883
-8816
-7634
-6315
-4617
-2551
-128
2620
5211
7654
9817
11540
12681
13297
13436
13068
12310
11319
10247
8919
7311
5473
3342
1032
-1349
-3907
-6355
-8575
-10310
-11472
-12156
-12398
-12389
-12031
-11328
-10529
-9621
-8541
-7274
-5796
-3943
-1674
753
3438
6073
8470
10467
11952
12984
13381
13342
12859
12077
11058
9879
8447
6760
4880
2701
247
-2246
-4798
-7283
-9271
-10736
-11706
-12186
-12363
-12136
-11664
-11000
-10149
-9306
-8187
-6783
-5302
-3372
-910
1740
4320
6761
9124
11059
12375
13055
13304
13135
12516
11725
10809
9615
7973
6134
4159
1995
-503
-3200
-5728
-7979
-9835
-11227
-11948
-12229
-12281
-12093
-11472
-10652
-9809
-8802
-7717
-6219
-4539
-2566
-108
2565
5199
7567
9798
11519
12635
13197
13255
12911
12274
11357
10166
8854
7248
5441
3371
1134
-1369
-4092
-6512
-8681
-10346
-11510
-12129
-12281
-12244
-11890
-11259
-10522
-9526
-8400
-7237
-5614
-3742
-1507
954
3545
6172
8418
10287
11781
12795
13130
13080
12707
11952
10900
9661
8275
6671
4800
2469
79
-2291
-4860
-7170
-9174
-10620
-11613
-12104
-12164
-11970
-11629
-11078
-10165
-9044
-7938
-6760
-5129
-3047
-737
1769
4500
6984
9068
10826
12190
13051
13287
12974
12356
11589
10660
9384
7833
6068
3948
1638
-667
-3180
-5672
-8018
-9829
-10969
-11638
-11971
-12196
-12059
-11504
-10690
-9810
-8799
-7592
-6196
-4393
-2236
156
2668
5245
7666
9773
11449
12518
13050
13168
12903
12231
11271
10114
8815
7160
5300
3242
902
-1616
-4123
-6513
-8628
-10263
-11375
-11990
-12148
-12150
-11935
-11357
-10383
-9501
-8583
-7301
-5714
-3787
-1526
1037
3649
6125
8478
10493
11961
12872
13263
13146
12700
12015
11096
9835
8370
6705
4760
2551
157
-2464
-5013
-7259
-9203
-10746
-11717
-12214
-12347
-12103
-11672
-11096
-10285
-9265
-8046
-6747
-5087
-3095
-800
1738
4422
6969
9167
10973
12304
13106
13359
13174
12461
11608
10622
9356
7823
6078
4105
1873
-536
-3062
-5578
-7957
-9856
-11152
-11982
-12294
-12332
-12093
-11558
-10817
-9883
-8820
-7611
-6205
-4412
-2338
38
2620
5307
7744
9768
11522
12670
13210
13299
12986
12305
11360
10282
8867
7213
5402
3309
885
-1517
-4077
-6548
-8612
-10266
-11442
-12216
-12410
-12254
-11952
-11370
-10569
-9703
-8682
-7361
-5620
-3725
-1477
972
3508
6261
8642
10456
11950
12914
13302
13253
12897
12179
11123
9880
8451
6780
4786
2486
-19
-2496
-4961
-7310
-9308
-10843
-11822
-12201
-12182
-12118
-11865
-11352
-10430
-9268
-8128
-6820
-5248
-3239
-921
1698
4470
6980
9165
11017
12470
13309
13521
13213
12582
11807
10768
9507
7957
6153
4098
1783
-582
-3118
-5667
-8010
-9900
-11122
-11939
-12338
-12453
-12298
-11775
-11053
-10125
-9070
-7862
-6467
-4667
-2457
-19
2602
5332
7867
10011
11713
12838
13419
13593
13301
12629
11691
10530
9158
7495
5645
3499
1064
-1507
-3982
-6449
-8716
-10397
-11527
-12155
-12419
-12365
-12084
-11670
-10888
-10007
-8936
-7598
-6034
-4249
-2028
571
3389
6207
8562
10715
12307
13176
13653
13682
13183
12383
11340
10144
8721
7022
5044
2758
309
-2237
