0
0
0
0
0
0
0
0
0
0
0
0
-1
-1
-1
-1
-1
-2
-2
-2
-2
-2
-1
-1
0
1
3
4
6
8
10
11
12
13
13
13
13
13
11
9
7
4
-1
-5
-10
-15
-20
-24
-27
-29
-31
-32
-32
-32
-31
-30
-28
-24
-18
-11
-2
9
20
31
42
52
60
65
69
71
71
67
63
58
50
39
27
11
-7
-25
-55
-56
-58
-58
-58
-57
-56
-54
-51
-49
-47
-43
-40
-36
-31
-26
-20
-13
-6
0
6
12
16
19
22
23
24
24
24
22
20
17
13
8
2
-4
-10
-16
-20
-23
-25
-26
-27
-26
-25
-24
-24
-21
-18
-13
-8
0
8
17
26
34
42
48
52
54
55
56
54
51
48
43
36
28
19
8
-4
-15
-27
-37
-46
-51
-54
-56
-57
-56
-55
-54
-51
-47
-41
-34
-24
-12
2
17
31
44
57
67
73
76
78
77
74
69
64
56
46
34
20
4
-13
-30
-46
-60
-72
-78
-82
-84
-85
-84
-81
-78
-73
-67
-59
-48
-33
-14
6
27
48
67
84
98
106
109
110
109
104
98
90
79
64
47
27
4
-21
-45
-68
-86
-100
-108
-112
-116
-117
-115
-112
-107
-100
-91
-78
-61
-41
-15
13
41
70
96
117
133
144
148
148
145
138
128
116
99
80
57
28
-2
-34
-65
-94
-117
-134
-144
-149
-153
-151
-148
-145
-138
-128
-115
-97
-74
-46
-13
24
61
97
130
155
174
187
191
191
186
176
163
147
125
98
68
31
-7
-47
-87
-122
-151
-170
-180
-188
-193
-189
-185
-181
-170
-158
-142
-118
-87
-49
-7
39
81
125
164
194
217
230
235
233
226
214
196
173
146
114
74
28
-19
-68
-115
-157
-190
-211
-224
-233
-235
-233
-226
-219
-207
-187
-165
-135
-97
-51
2
56
111
164
209
245
267
280
286
283
273
254
232
203
167
126
76
22
-37
-96
-151
-199
-234
-256
-270
-279
-280
-276
-269
-259
-244
-223
-193
-153
-103
-44
18
82
147
208
257
297
324
335
335
330
318
297
268
231
190
137
75
8
-59
-129
-193
-244
-281
-303
-318
-329
-327
-320
-311
-296
-274
-250
-212
-162
-104
-33
41
114
189
256
314
356
376
389
393
381
360
335
301
257
207
144
70
-7
-87
-161
-230
-288
-329
-359
-373
-377
-372
-367
-362
-341
-310
-274
-229
-175
-106
-26
62
145
227
304
362
404
433
444
439
422
400
373
329
277
216
142
58
-28
-115
-202
-278
-337
-376
-397
-417
-429
-423
-407
-391
-370
-339
-298
-246
-177
-94
-1
94
189
281
360
419
462
487
495
492
475
443
406
357
298
229
141
43
-51
-148
-244
-328
-392
-431
-454
-466
-474
-469
-457
-444
-412
-378
-329
-266
-186
-90
15
121
223
326
409
476
523
547
551
542
522
490
449
391
322
239
144
35
-75
-183
-284
-373
-437
-476
-502
-516
-520
-511
-494
-477
-451
-414
-362
-287
-193
-87
28
149
267
376
471
538
582
597
602
597
573
538
490
431
350
257
146
20
-101
-221
-332
-425
-490
-528
-551
-566
-572
-561
-546
-528
-496
-452
-392
-310
-200
-78
50
180
312
434
534
601
646
665
665
654
626
584
526
453
366
262
137
1
-135
-265
-380
-479
-546
-582
-612
-628
-628
-618
-603
-574
-535
-481
-409
-312
-196
-62
85
224
364
488
587
659
709
726
720
707
677
632
564
479
381
262
123
-20
-171
-318
-439
-539
-606
-646
-679
-697
-687
-673
-658
-625
-584
-527
-435
-321
-188
-38
117
279
432
569
677
744
780
801
803
781
743
683
609
518
406
268
111
-51
-214
-365
-493
-601
-674
-716
-739
-748
-745
-733
-708
-674
-619
-545
-454
-332
-193
-26
152
325
482
622
734
803
851
868
861
831
783
732
646
539
410
257
93
-80
-252
-416
-555
-664
-727
-765
-794
-805
-799
-790
-766
-718
-657
-581
-478
-338
-174
7
187
370
549
692
809
885
924
935
917
887
837
763
663
546
414
251
67
-119
-304
-479
-624
-728
-792
-831
-859
-864
-852
-835
-807
-761
-693
-604
-490
-341
-157
43
238
436
616
767
881
946
986
1002
980
936
888
809
698
566
412
228
30
-179
-375
-549
-700
-792
-854
-890
-902
-913
-900
-880
-852
-798
-726
-631
-494
-322
-125
95
312
523
712
861
970
1041
1078
1082
1047
1006
949
855
728
585
415
207
-10
-223
-436
-629
-778
-874
-929
-969
-991
-987
-965
-950
-917
-859
-777
-653
-501
-308
-78
152
384
602
793
937
1048
1108
1138
1141
1109
1054
978
880
741
574
378
155
-78
-305
-520
-709
-849
-942
-991
-1030
-1057
-1048
-1031
-1003
-961
-894
-797
-661
-488
-273
-34
214
464
699
897
1035
1128
1193
1221
1209
1159
1101
1020
900
747
569
350
106
-141
-382
-608
-801
-941
-1016
-1064
-1104
-1108
-1095
-1077
-1051
-997
-917
-795
-644
-453
-206
60
327
586
820
1010
1145
1240
1295
1296
1266
1209
1140
1041
907
733
522
283
32
-230
-487
-719
-910
-1029
-1098
-1145
-1184
-1182
-1165
-1140
-1097
-1032
-949
-822
-638
-407
-136
143
417
689
936
1115
1241
1316
1353
1352
1312
1259
1187
1068
913
722
499
231
-52
-325
-580
-803
-978
-1091
-1154
-1195
-1224
-1231
-1222
-1199
-1150
-1072
-964
-810
-595
-346
-59
238
519
789
1024
1203
1320
1392
1419
1412
1361
1301
1204
1068
901
687
433
151
-130
-414
-670
-897
-1063
-1163
-1219
-1260
-1285
-1286
-1281
-1240
-1165
-1084
-961
-777
-550
-293
13
326
622
890
1116
1302
1426
1486
1505
1481
1435
1370
1266
1105
912
674
394
85
-225
-536
-818
-1038
-1196
-1298
-1341
-1387
-1415
-1395
-1366
-1334
-1268
-1173
-1039
-832
-563
-240
107
441
773
1082
1328
1494
1603
1658
1666
1656
1589
1501
1368
1181
953
699
379
19
-322
-660
-958
-1189
-1361
-1460
-1507
-1531
-1540
-1536
-1524
-1475
-1382
-1264
-1085
-839
-541
-196
177
558
921
1230
1470
1652
1778
1836
1833
1792
1717
1614
1460
1257
1008
693
327
-43
-422
-777
-1096
-1349
-1502
-1583
-1638
-1673
-1682
-1666
-1652
-1596
-1485
-1332
-1140
-882
-537
-154
272
681
1062
1397
1659
1829
1936
1998
1988
1922
1835
1738
1553
1304
1010
657
259
-151
-552
-928
-1256
-1522
-1674
-1736
-1788
-1845
-1854
-1828
-1786
-1702
-1576
-1429
-1212
-888
-497
-46
391
811
1212
1575
1870
2046
2133
2165
2165
2100
1996
1860
1637
1356
1049
678
232
-223
-667
-1069
-1408
-1672
-1833
-1915
-1967
-1988
-1963
-1955
-1933
-1842
-1700
-1504
-1252
-898
-475
-19
477
977
1415
1759
2028
2215
2353
2389
2330
2237
2126
1986
1750
1442
1084
633
161
-299
-758
-1203
-1570
-1823
-1956
-2040
-2112
-2133
-2113
-2077
-2034
-1937
-1793
-1587
-1287
-915
-453
58
562
1060
1526
1914
2188
2369
2465
2497
2469
2369
2231
2064
1813
1478
1090
623
98
-413
-890
-1332
-1697
-1942
-2102
-2189
-2228
-2256
-2238
-2213
-2165
-2049
-1892
-1668
-1348
-942
-451
111
657
1184
1688
2077
2352
2541
2652
2677
2630
2532
2397
2208
1912
1547
1108
599
59
-484
-984
-1443
-1852
-2109
-2237
-2296
-2375
-2418
-2392
-2352
-2286
-2165
-1984
-1723
-1384
-931
-394
191
747
1288
1810
2230
2530
2715
2823
2870
2811
2692
2546
2319
1996
1588
1123
591
7
-570
-1093
-1569
-1957
-2222
-2342
-2423
-2518
-2554
-2536
-2481
-2417
-2290
-2085
-1817
-1450
-988
-420
184
784
1363
1910
2362
2658
2851
2981
3038
2954
2811
2657
2426
2085
1653
1163
594
-18
-604
-1136
-1645
-2088
-2369
-2494
-2559
-2629
-2665
-2642
-2580
-2499
-2375
-2156
-1866
-1504
-1009
-388
238
849
1477
2035
2484
2810
3017
3124
3144
3088
2955
2785
2535
2167
1718
1218
630
-30
-651
-1242
-1770
-2208
-2506
-2649
-2723
-2800
-2819
-2785
-2740
-2647
-2512
-2300
-1974
-1594
-1099
-475
193
873
1544
2133
2615
2967
3171
3297
3320
3228
3074
2897
2648
2302
1828
1285
693
8
-651
-1262
-1814
-2296
-2598
-2735
-2820
-2890
-2909
-2835
-2784
-2713
-2588
-2381
-2050
-1629
-1093
-451
245
957
1655
2281
2769
3115
3328
3429
3440
3350
3197
3003
2728
2349
1880
1325
658
-49
-720
-1359
-1942
-2419
-2740
-2875
-2952
-3031
-3052
-3015
-2945
-2868
-2713
-2494
-2176
-1726
-1162
-482
245
971
1677
2332
2858
3221
3448
3580
3608
3514
3359
3157
2844
2446
1975
1395
699
-33
-754
-1427
-2020
-2522
-2860
-3001
-3074
-3156
-3170
-3123
-3097
-3012
-2838
-2605
-2289
-1842
-1222
-499
283
1051
1790
2457
3004
3387
3628
3762
3768
3668
3517
3314
3013
2567
2050
1465
743
-2
-746
-1472
-2089
-2588
-2910
-3082
-3189
-3281
-3292
-3213
-3183
-3120
-2963
-2724
-2366
-1863
-1235
-531
234
1061
1879
2588
3095
3477
3747
3904
3945
3818
3631
3417
3084
2658
2143
1487
734
-43
-784
-1496
-2179
-2729
-3057
-3227
-3325
-3403
-3456
-3436
-3378
-3283
-3094
-2848
-2512
-2001
-1336
-576
240
1102
1949
2669
3244
3659
3949
4099
4103
3998
3815
3595
3244
2784
2232
1543
778
-3
-815
-1569
-2241
-2789
-3139
-3323
-3443
-3534
-3568
-3546
-3511
-3417
-3241
-2965
-2583
-2084
-1410
-576
277
1147
2006
2762
3337
3773
4053
4221
4229
4075
3914
3692
3338
2848
2259
1571
778
-60
-881
-1657
-2345
-2888
-3220
-3386
-3511
-3652
-3672
-3617
-3557
-3471
-3315
-3043
-2659
-2115
-1417
-574
315
1208
2094
2885
3485
3895
4177
4306
4331
4191
4012
3809
3447
2942
2334
1644
806
-77
-928
-1721
-2445
-3034
-3357
-3526
-3648
-3733
-3747
-3676
-3636
-3555
-3387
-3123
-2721
-2151
-1433
-583
338
1267
2191
2937
3545
4002
4258
4384
4392
4272
4085
3835
3492
3004
2399
1675
809
-90
-952
-1771
-2489
-3035
-3386
-3570
-3704
-3795
-3815
-3783
-3727
-3624
-3449
-3155
-2746
-2187
-1440
-573
356
1302
2202
2980
3592
4049
4313
4444
4468
4363
4182
3928
3585
3100
2472
1734
873
-31
-915
-1745
-2485
-3094
-3467
-3621
-3746
-3875
-3928
-3913
-3851
-3730
-3551
-3284
-2856
-2289
-1534
-597
355
1280
2157
2969
3662
4111
4362
4484
4503
4416
4269
4033
3635
3112
2503
1787
955
46
-879
-1732
-2444
-3016
-3407
-3634
-3804
-3936
-3945
-3908
-3900
-3824
-3612
-3290
-2837
-2246
-1520
-661
284
1269
2197
2962
3594
4061
4365
4538
4555
4431
4216
3991
3632
3145
2541
1756
900
27
-839
-1696
-2474
-3088
-3480
-3706
-3845
-3976
-4047
-3971
-3893
-3771
-3585
-3286
-2864
-2307
-1515
-611
325
1262
2188
3006
3663
4162
4439
4576
4645
4570
4362
4111
3740
3226
2620
1885
1031
107
-820
-1705
-2453
-3064
-3526
-3765
-3909
-4008
-4017
-3980
-3933
-3852
-3693
-3386
-2949
-2422
-1684
-773
182
1176
2140
2968
3612
4096
4444
4611
4616
4528
4361
4132
3820
3335
2689
1939
1065
149
-773
-1653
-2452
-3089
-3489
-3715
-3885
-4045
-4084
-4061
-4015
-3901
-3723
-3468
-3057
-2461
-1668
-766
195
1201
2187
3031
3724
4233
4548
4711
4735
4678
4505
4243
3855
3383
2758
1979
1099
143
-816
-1730
-2525
-3152
-3590
-3848
-4022
-4161
-4199
-4172
-4135
-4031
-3863
-3559
-3111
-2465
-1716
-776
254
1238
2241
3119
3804
4276
4629
4825
4854
4743
4570
4325
3951
3462
2804
2022
1092
117
-857
-1776
-2601
-3270
-3677
-3919
-4105
-4223
-4275
-4237
-4195
-4100
-3895
-3589
-3124
-2501
-1683
-711
316
1353
2363
3227
3921
4433
4758
4925
4918
4802
4625
4358
3938
3401
2763
1970
1025
40
-923
-1831
-2664
-3331
-3775
-4037
-4265
-4417
-4435
-4416
-4355
-4190
-3964
-3631
-3153
-2495
-1622
-637
403
1491
2474
3338
4060
4569
4908
5084
5076
4919
4736
4456
4025
3441
2768
1951
991
24
-986
-1935
-2757
-3421
-3826
-4079
-4295
-4430
-4455
-4429
-4368
-4257
-4034
-3673
-3174
-2473
-1597
-596
431
1466
2461
3381
4063
4531
4853
5013
5048
4915
4704
4430
3997
3440
2754
1933
989
-11
-1021
-1918
-2729
-3403
-3841
-4076
-4265
-4441
-4457
-4427
-4378
-4243
-4012
-3661
-3132
-2435
-1604
-580
490
1513
2540
3407
4109
4582
4902
5101
5118
4997
4785
4508
4076
3530
2811
1958
996
11
-989
-1939
-2781
-3480
-3929
-4198
-4410
-4536
-4576
-4572
-4513
-4315
-4040
-3725
-3224
-2503
-1637
-638
436
1525
2544
3387
4110
4659
4966
5137
5152
5037
4859
4587
4124
3550
2875
2009
1066
79
-955
-1923
-2750
-3408
-3808
-4087
-4312
-4446
-4497
-4481
-4433
-4321
-4105
-3765
-3295
-2594
-1665
-694
349
1485
2504
3369
4099
4611
4938
5122
5139
4991
4829
4535
4085
3576
2919
2055
1075
70
-977
-1984
-2876
-3537
-3957
-4249
-4443
-4548
-4579
-4547
-4498
-4367
-4147
-3796
-3299
-2581
-1663
-693
378
1542
2575
3451
4210
4762
5068
5185
5227
5119
4919
4604
4184
3657
2971
2136
1162
145
-935
-1987
-2844
-3519
-4019
-4350
-4532
-4608
-4622
-4590
-4516
-4375
-4199
-3852
-3325
-2599
-1696
-678
408
1544
2621
3509
4293
4817
5102
5234
5212
5127
4947
4649
4203
3677
2997
2139
1155
76
-1027
-2051
-2924
-3587
-4030
-4375
-4578
-4644
-4647
-4626
-4578
-4453
-4270
-3922
-3332
-2605
-1761
-755
403
1570
2634
3541
4265
4778
5094
5278
5299
5158
4917
4634
4237
3702
3000
2098
1101
82
-994
-2025
-2892
-3610
-4096
-4365
-4576
-4662
-4675
-4635
-4549
-4455
-4231
-3851
-3312
-2579
-1688
-670
491
1670
2728
3641
4369
4921
5212
5339
5348
5210
4957
4669
4247
3663
2930
2040
1040
3
-1072
-2132
-3025
-3730
-4173
-4461
-4636
-4719
-4753
-4743
-4666
-4510
-4297
-3923
-3340
-2573
-1603
-507
654
1807
2852
3774
4533
5022
5281
5406
5399
5234
4993
4656
4184
3596
2860
1980
957
-128
-1225
-2274
-3132
-3764
-4204
-4533
-4742
-4812
-4817
-4795
-4695
-4512
-4261
-3890
-3302
-2516
-1541
-466
684
1829
2920
3851
4584
5084
5351
5454
5443
5291
5047
4709
4198
3614
2882
1965
950
-173
-1255
-2312
-3187
-3821
-4246
-4540
-4792
-4911
-4909
-4838
-4754
-4592
-4333
-3890
-3277
-2418
-1421
-362
778
1948
3057
3992
4696
5158
5437
5557
5481
5306
5051
4696
4181
3560
2827
1877
824
-263
-1330
-2386
-3282
-3949
-4377
-4641
-4836
-4940
-4978
-4918
-4808
-4641
-4333
-3914
-3271
-2450
-1404
-268
926
2095
3142
4082
4778
5231
5468
5557
5513
5320
5080
4705
4186
3537
2784
1850
769
-353
-1481
-2500
-3371
-3970
-4367
-4689
-4882
-4962
-4955
-4907
-4787
-4575
-4259
-3783
-3128
-2233
-1193
-66
1134
2303
3380
4271
4889
5322
5545
5576
5465
5290
5023
4612
4075
3428
2646
1662
585
-518
-1656
-2701
-3547
-4158
-4561
-4840
-5032
-5075
-5059
-5022
-4877
-4636
-4295
-3784
-3053
-2142
-1097
88
1314
2492
3560
4436
5031
5453
5653
5668
5521
5303
5003
4608
4048
3351
2530
1513
418
-755
-1859
-2874
-3705
-4277
-4663
-4926
-5102
-5128
-5091
-4990
-4871
-4640
-4205
-3628
-2883
-1958
-845
351
1582
2767
3821
4672
5245
5586
5708
5726
5595
5317
4951
4529
3933
3184
2292
1215
74
-1095
-2230
-3162
-3853
-4381
-4749
-4962
-5106
-5103
-5073
-4979
-4794
-4565
-4120
-3471
-2666
-1700
-572
637
1882
3042
4015
4771
5306
5668
5765
5692
5567
5278
4870
4400
3799
3011
2019
954
-144
-1317
-2378
-3321
-4055
-4515
-4865
-5093
-5158
-5103
-5052
-4953
-4696
-4320
-3901
-3274
-2415
-1425
-241
978
2180
3313
4240
4948
5424
5714
5750
5607
5384
5125
4727
4167
3500
2681
1700
635
-494
-1666
-2748
-3632
-4250
-4653
-4958
-5140
-5150
-5041
-4927
-4865
-4636
-4271
-3749
-3007
-2073
-987
147
1343
2577
3748
4575
5161
5598
5799
5755
5596
5380
5004
4560
3951
3266
2426
1349
227
-913
-2013
-3056
-3867
-4412
-4805
-5105
-5205
-5161
-5031
-4903
-4740
-4405
-4048
-3485
-2716
-1763
-609
555
1746
2920
3996
4768
5328
5697
5774
5723
5512
5248
4823
4276
3674
2912
1973
905
-238
-1404
-2503
-3458
-4147
-4616
-4933
-5150
-5215
-5101
-5008
-4874
-4622
-4243
-3774
-3148
-2254
-1211
-95
1116
2349
3471
4413
5084
5570
5864
5911
5730
5474
5166
4655
4065
3414
2564
1539
414
-717
-1867
-2958
-3831
-4445
-4850
-5110
-5257
-5253
-5182
-5077
-4883
-4596
-4165
-3573
-2825
-1837
-730
416
1625
2812
3877
4769
5354
5707
5909
5891
5678
5372
4989
4449
3769
2996
2116
1040
-133
-1288
-2401
-3406
-4162
-4681
-5036
-5235
-5282
-5204
-5164
-5023
-4715
-4372
-3880
-3228
-2403
-1339
-180
1036
2257
3418
4367
5142
5633
5896
5989
5834
5610
5328
4872
4249
3516
2648
1626
509
-680
-1900
-3033
-3897
-4491
-4848
-5196
-5461
-5444
-5318
-5144
-4941
-4641
-4191
-3562
-2725
-1751
-664
460
1668
2900
3986
4874
5481
5811
6026
6051
5856
5503
5053
4471
3796
3028
2087
960
-247
-1445
-2588
-3566
-4327
-4836
-5235
-5413
-5419
-5327
-5191
-5047
-4777
-4436
-3932
-3203
-2293
-1283
-112
1147
2441
3613
4540
5282
5757
6010
6095
5970
5699
5343
4875
4250
3495
2560
1457
249
-949
-2148
-3230
-4143
-4754
-5090
-5315
-5435
-5455
-5384
-5178
-4901
-4567
-4106
-3470
-2674
-1697
-496
722
1950
3155
4218
5078
5684
6068
6158
6108
5905
5589
5136
4487
3759
2908
1913
777
-431
-1720
-2900
-3843
-4574
-5012
-5358
-5578
-5593
-5446
-5314
-5119
-4831
-4366
-3730
-2965
-2044
-946
252
1531
2806
3942
4847
5510
6001
6297
6337
6131
5814
5409
4848
4143
3299
2279
1126
-128
-1346
-2488
-3654
-4552
-5060
-5376
-5606
-5736
-5693
-5584
-5332
-5031
-4625
-4074
-3376
-2457
-1394
-111
1169
2401
3605
4702
5518
6051
6407
6519
6370
6069
5738
5216
4476
3661
2725
1629
385
-919
-2216
-3405
-4333
-5021
-5421
-5706
-5903
-5909
-5766
-5521
-5208
-4828
-4347
-3644
-2768
-1692
-477
816
2148
3403
4578
5481
6091
6444
6552
6499
6273
5857
5332
4661
3907
3030
1950
721
-615
-1971
-3265
-4272
-5020
-5621
-5961
-6091
-6078
-5908
-5683
-5387
-5033
-4583
-3937
-3093
-2054
-845
461
1852
3269
4426
5417
6152
6623
6833
6784
6532
6157
5648
5040
4305
3381
2321
1090
-214
-1601
-2958
-4112
-5001
-5590
-5971
-6199
-6225
-6079
-5923
-5645
-5231
-4778
-4131
-3318
-2338
-1130
181
1551
2901
4199
5301
6073
6643
6955
6950
6754
6413
5976
5347
4581
3682
2598
1391
40
-1367
-2759
-4009
-5006
-5699
-6120
-6349
-6448
-6380
-6116
-5779
-5378
-4933
-4381
-3579
-2553
-1360
-108
1281
2690
4029
5223
6168
6769
7068
7121
6926
6609
6169
5518
4749
3917
2908
1650
274
-1122
-2532
-3855
-4888
-5637
-6166
-6499
-6593
-6476
-6290
-5990
-5608
-5124
-4555
-3751
-2805
-1696
-368
1025
2446
3833
5045
5980
6721
7118
7240
7137
6804
6391
5782
5037
4174
3133
1905
559
-889
-2295
-3607
-4783
-5633
-6188
-6508
-6665
-6620
-6405
-6120
-5792
-5384
-4798
-4027
-3058
-1973
-650
822
2328
3736
5020
6048
6752
7181
7350
7300
7000
6562
6045
5355
4484
3464
2267
907
-572
-2074
-3479
-4671
-5583
-6214
-6610
-6778
-6758
-6625
-6349
-5989
-5609
-5077
-4337
-3389
-2260
-922
553
2082
3523
4827
5937
6752
7240
7443
7408
7131
6776
6210
5513
4714
3700
2534
1196
-242
-1729
-3172
-4448
-5431
-6143
-6672
-6894
-6963
-6835
-6569
-6277
-5872
-5288
-4557
-3641
-2469
-1168
253
1761
3320
4710
5849
6739
7299
7590
7635
7413
7004
6489
5810
4968
3967
2799
1491
30
-1422
-2869
-4260
-5400
-6164
-6639
-6980
-7082
-7047
-6814
-6468
-6035
-5486
-4835
-3968
-2921
-1557
-24
1483
3007
4495
5764
6717
7361
7726
7795
7564
7230
6773
6129
5298
4306
3214
1943
482
-1083
-2618
-3974
-5195
-6064
-6601
-6971
-7194
-7253
-7006
-6603
-6226
-5758
-5077
-4216
-3149
-1885
-412
1124
2656
4153
5510
6594
7293
7646
7781
7701
7403
6885
6248
5451
4520
3486
2236
827
-732
-2291
-3740
-4945
-5862
-6584
-6998
-7258
-7317
-7173
-6889
-6491
-5998
-5359
-4482
-3426
-2194
-737
827
2393
3929
5320
6423
7170
7675
7910
7860
7592
7107
6499
5720
4782
3724
2481
1074
-484
-2036
-3510
-4778
-5797
-6561
-7044
-7327
-7381
-7226
-6962
-6621
-6152
-5497
-4668
-3643
-2424
-1010
600
2195
3739
5199
6354
7174
7744
8038
8020
7721
7265
6680
5931
5035
3978
2733
1346
-130
-1687
-3233
-4585
-5721
-6502
-7018
-7378
-7438
-7318
-7045
-6714
-6303
-5698
-4942
-3936
-2715
-1333
216
1844
3478
4977
6224
7132
7763
8054
8094
7873
7398
6808
6091
5178
4161
3003
1604
90
-1475
-3030
-4485
-5671
-6428
-6990
-7337
-7487
-7427
-7196
-6900
-6439
-5861
-5080
-4151
-2987
-1566
-5
1642
3268
4789
6073
7098
7738
8160
8206
7928
7532
7054
6351
5457
4447
3226
1870
332
-1256
-2830
-4332
-5533
-6378
-6956
-7364
-7595
-7551
-7280
-6948
-6591
-6088
-5333
-4361
-3215
-1872
-323
1334
3030
4630
6029
7045
7720
8138
8212
8081
7726
7146
6478
5652
4624
3431
2041
499
-1103
-2685
-4151
-5385
-6359
-7034
-7457
-7649
-7623
-7483
-7245
-6808
-6188
-5497
-4579
-3359
-1942
-388
1271
2971
4585
5973
7052
7843
8357
8496
8334
8032
7562
6816
5969
4914
3643
2225
716
-908
-2540
-4056
-5369
-6313
-6974
-7480
-7792
-7853
-7711
-7444
-7071
-6456
-5703
-4799
-3663
-2248
-713
944
2672
4269
5719
6910
7741
8298
8566
8465
8106
7605
7003
6084
4986
3863
2483
920
-708
-2342
-3879
-5205
-6181
-6915
-7460
-7759
-7824
-7698
-7463
-7129
-6627
-5924
-5002
-3853
-2501
-886
800
2420
4107
5635
6847
7662
8276
8590
8564
8265
7819
7212
6356
5317
4097
2756
1282
-431
-2124
-3640
-4958
-6053
-6869
-7412
-7736
-7848
-7792
-7515
-7160
-6729
-6090
-5192
-4138
-2825
-1278
345
2084
3813
5356
6650
7557
8213
8553
8593
8329
7883
7243
6467
5498
4350
3031
1488
-143
-1864
-3447
-4833
-5956
-6804
-7413
-7713
-7844
-7773
-7562
-7257
-6759
-6205
-5423
-4325
-3004
-1469
203
1906
3588
5219
6609
7554
8251
8678
8704
8449
8104
7575
6701
5734
4627
3234
1713
127
-1531
-3209
-4704
-5893
-6748
-7399
-7842
-8035
-7959
-7674
-7410
-7044
-6494
-5686
-4617
-3323
-1848
-245
1491
3273
4948
6398
7492
8185
8660
8843
8686
8248
7703
6996
6048
4917
3613
2114
443
-1218
-2900
-4388
-5607
-6565
-7227
-7681
-7931
-8038
-7859
-7523
-7130
-6594
-5851
-4874
-3640
-2141
-525
1208
2992
4693
6133
7249
8066
8576
8770
8679
8343
7848
7180
6308
5164
3888
2367
704
-1001
-2735
-4302
-5588
-6481
-7180
-7703
-8008
-8070
-7973
-7687
-7279
-6810
-6140
-5149
-3893
-2437
-756
930
2673
4424
5886
7082
7955
8523
8809
8763
8502
8058
7378
6469
5442
4196
2689
1058
-634
-2320
-3915
-5259
-6280
-7048
-7657
-8036
-8153
-8051
-7815
-7500
-7050
-6400
-5372
-4144
-2712
-1064
630
2369
4103
5649
6892
7801
8395
8812
8848
8627
8223
7548
6745
5746
4467
3034
1465
-296
-2033
-3631
-5039
-6178
-6987
-7560
-7914
-8140
-8109
-7919
-7612
-7156
-6526
-5589
-4405
-2976
-1372
374
2193
3899
5487
6759
7732
8403
8761
8859
8675
8322
7804
7020
5989
4785
3323
1714
10
-1728
-3385
-4815
-5944
-6775
-7381
-7873
-8129
-8129
-7976
-7718
-7370
-6731
-5812
-4663
-3248
-1697
-21
1816
3575
5172
6504
7486
8214
8635
8785
8688
8304
7790
7102
6152
5038
3635
2003
267
-1469
-3143
-4657
-5865
-6691
-7338
-7879
-8182
-8198
-8034
-7802
-7454
-6867
-6000
-4880
-3503
-1900
-200
1522
3310
4982
6364
7446
8201
8622
8772
8772
8448
7898
7229
6324
5208
3892
2329
638
-1111
-2756
-4273
-5570
-6563
-7261
-7755
-8075
-8166
-8095
-7863
-7462
-6953
-6167
-5061
-3741
-2228
-530
1288
3063
4660
6080
7181
7949
8479
8711
8649
8397
7960
7305
6466
5432
4118
2590
979
-736
-2508
-4078
-5319
-6277
-7029
-7600
-7946
-8074
-8002
-7791
-7476
-6993
-6241
-5287
-4026
-2459
-768
944
2685
4377
5871
7021
7836
8391
8654
8630
8377
7933
7341
6546
5479
4264
2866
1264
-480
-2182
-3728
-5099
-6114
-6857
-7430
-7858
-8043
-7966
-7749
-7461
-7058
-6380
-5424
-4190
-2755
-1110
655
2348
4015
5538
6746
7612
8176
8501
8521
8325
7974
7396
6612
5628
4435
3036
1507
-191
-1941
-3531
-4894
-5906
-6742
-7383
-7795
-7960
-7904
-7754
-7465
-6995
-6361
-5483
-4284
-2873
-1333
373
2181
3912
5457
6672
7560
