8165
8516
8575
8379
7955
7386
6616
5717
4606
3226
1655
-5
-1650
-3278
-4717
-5817
-6666
-7297
-7700
-7892
-7913
-7780
-7526
-7082
-6476
-5627
-4535
-3154
-1574
150
1921
3614
5178
6443
7381
8022
8431
8519
8338
7996
7475
6765
5890
4791
3445
1958
327
-1425
-3052
-4472
-5679
-6544
-7199
-7711
-7924
-7924
-7811
-7546
-7162
-6589
-5827
-4712
-3328
-1774
-134
1609
3404
4972
6294
7312
7981
8359
8491
8388
8087
7552
6842
5932
4842
3577
2050
394
-1230
-2840
-4294
-5421
-6257
-6985
-7535
-7847
-7883
-7727
-7563
-7241
-6675
-5818
-4768
-3418
-1823
-156
1528
3200
4837
6187
7133
7874
8347
8462
8347
8108
7671
6969
6050
4937
3678
2205
557
-1098
-2699
-4146
-5380
-6207
-6801
-7441
-7893
-7950
-7755
-7525
-7254
-6755
-5974
-4882
-3544
-2015
-427
1249
2946
4565
5982
7027
7711
8138
8393
8374
8108
7624
6915
6125
5118
3868
2434
776
-938
-2502
-3968
-5202
-6131
-6830
-7377
-7757
-7888
-7801
-7639
-7394
-6883
-6059
-5048
-3807
-2353
-663
1148
2842
4407
5842
6932
7630
8143
8410
8363
8102
7673
7115
6354
5317
4086
2667
1076
-559
-2182
-3729
-4988
-5976
-6691
-7234
-7657
-7840
-7835
-7678
-7356
-6865
-6192
-5188
-3997
-2560
-909
763
2503
4108
5523
6668
7530
8074
8324
8305
8071
7689
7108
6325
5357
4186
2792
1281
-319
-1977
-3550
-4872
-5866
-6613
-7138
-7510
-7698
-7724
-7614
-7358
-6913
-6255
-5350
-4187
-2732
-1068
634
2366
4005
5456
6666
7534
8085
8372
8398
8168
7838
7306
6479
5509
4388
3012
1476
-146
-1796
-3395
-4773
-5772
-6501
-7129
-7612
-7858
-7879
-7744
-7466
-7084
-6466
-5559
-4369
-2970
-1409
324
2051
3735
5276
6525
7437
8040
8407
8493
8300
7933
7408
6710
5792
4664
3274
1747
136
-1506
-3085
-4486
-5646
-6480
-7084
-7600
-7873
-7904
-7825
-7595
-7154
-6561
-5737
-4656
-3312
-1764
-115
1649
3350
4872
6216
7252
7993
8417
8491
8338
8060
7519
6832
5939
4851
3585
2093
573
-1051
-2722
-4215
-5409
-6261
-6866
-7414
-7771
-7824
-7765
-7576
-7192
-6641
-5874
-4896
-3612
-2077
-421
1268
2993
4601
5928
7006
7716
8195
8431
8311
8026
7606
7016
6150
5093
3873
2441
836
-826
-2431
-3935
-5162
-6072
-6762
-7230
-7594
-7762
-7699
-7536
-7230
-6790
-6095
-5120
-3893
-2481
-874
817
2487
4141
5591
6681
7503
8035
8330
8414
8151
7699
7097
6340
5344
4148
2830
1296
-369
-1987
-3489
-4806
-5872
-6610
-7091
-7486
-7729
-7744
-7596
-7258
-6795
-6201
-5309
-4133
-2816
-1297
407
2114
3759
5257
6498
7383
8006
8316
8359
8169
7811
7293
6565
5670
4561
3253
1715
131
-1494
-3089
-4466
-5591
-6390
-6955
-7334
-7631
-7710
-7588
-7361
-6950
-6421
-5681
-4706
-3380
-1790
-143
1531
3195
4790
6079
7089
7766
8146
8242
8088
7845
7444
6783
5864
4839
3657
2213
597
-1078
-2674
-4164
-5373
-6203
-6832
-7319
-7616
-7653
-7589
-7389
-7061
-6602
-5862
-4958
-3729
-2248
-650
1047
2714
4407
5856
6877
7613
8132
8312
8222
7959
7568
6922
6123
5228
4080
2725
1175
-502
-2160
-3636
-4891
-5896
-6595
-7088
-7421
-7521
-7474
-7384
-7163
-6745
-6157
-5247
-4092
-2764
-1213
509
2229
3849
5349
6555
7345
7875
8234
8246
7954
7573
7038
6312
5439
4354
2987
1488
-95
-1759
-3337
-4697
-5809
-6611
-7092
-7433
-7592
-7577
-7397
-7142
-6750
-6108
-5382
-4433
-3123
-1596
59
1782
3516
5007
6285
7276
7933
8268
8321
8119
7670
7241
6604
5665
4636
3458
1984
440
-1177
-2838
-4282
-5438
-6251
-6865
-7307
-7502
-7528
-7412
-7195
-6881
-6458
-5748
-4797
-3620
-2123
-499
1125
2824
4517
5912
6947
7679
8100
8302
8143
7829
7411
6769
5928
4993
3868
2486
925
-754
-2343
-3826
-5122
-6084
-6711
-7173
-7541
-7636
-7455
-7253
-7010
-6601
-5947
-5060
-3959
-2578
-962
691
2370
4061
5570
6768
7623
8118
8389
8384
8075
7618
7076
6300
5337
4205
2925
1419
-261
-1872
-3430
-4791
-5839
-6626
-7130
-7487
-7684
-7642
-7457
-7212
-6808
-6266
-5425
-4388
-3096
-1564
138
1899
3590
5112
6438
7426
8027
8341
8395
8183
7751
7246
6596
5665
4546
3280
1842
266
-1400
-3009
-4468
-5639
-6454
-7008
-7423
-7721
-7771
-7543
-7227
-6887
-6445
-5763
-4815
-3579
-2056
-458
1214
2935
4588
6026
7176
7912
8321
8433
8359
8024
7528
6893
6021
5030
3853
2478
922
-730
-2335
-3853
-5164
-6122
-6763
-7258
-7551
-7652
-7617
-7382
-7078
-6636
-5997
-5128
-4040
-2681
-1130
549
2297
4009
5479
6664
7565
8088
8349
8355
8104
7672
7096
6386
5426
4322
3030
1537
-74
-1687
-3272
-4697
-5807
-6564
-7071
-7429
-7577
-7535
-7380
-7226
-6779
-6208
-5525
-4537
-3207
-1692
-64
1644
3293
4858
6171
7148
7816
8254
8345
8078
7763
7346
6679
5755
4726
3518
2066
513
-1068
-2659
-4176
-5409
-6264
-6851
-7247
-7535
-7620
-7439
-7172
-6862
-6483
-5869
-4919
-3777
-2377
-796
838
2505
4166
5695
6875
7675
8152
8397
8344
8004
7550
6983
6224
5219
4095
2796
1267
-311
-1924
-3465
-4839
-5978
-6699
-7134
-7445
-7659
-7642
-7417
-7070
-6631
-6102
-5343
-4380
-3139
-1562
128
1797
3402
4991
6349
7366
7992
8297
8372
8147
7800
7308
6612
5746
4687
3435
2060
541
-1145
-2766
-4221
-5490
-6388
-6929
-7319
-7609
-7630
-7475
-7197
-6812
-6390
-5775
-4870
-3624
-2238
-696
1001
2692
4319
5770
6866
7664
8146
8308
8270
7917
7494
6874
6039
5080
3977
2634
1097
-472
-2062
-3607
-4946
-5997
-6688
-7137
-7422
-7572
-7517
-7261
-6971
-6580
-6012
-5235
-4222
-2930
-1458
176
1918
3613
5118
6352
7326
7911
8178
8221
8040
7643
7123
6448
5595
4539
3307
1844
225
-1378
-2976
-4386
-5554
-6417
-7006
-7371
-7521
-7446
-7350
-7130
-6712
-6289
-5647
-4762
-3583
-2193
-655
1072
2815
4478
5899
6943
7705
8156
8333
8220
7878
7433
6876
6130
5170
4044
2676
1105
-467
-2097
-3625
-4977
-6055
-6693
-7037
-7337
-7495
-7419
-7227
-6921
-6470
-5939
-5242
-4248
-2924
-1373
279
1942
3610
5161
6368
7244
7846
8124
8136
7931
7550
7040
6353
5466
4452
3238
1799
258
-1369
-2948
-4381
-5564
-6397
-6897
-7230
-7423
-7450
-7305
-7042
-6670
-6247
-5591
-4667
-3545
-2138
-522
1165
2853
4427
5775
6861
7651
8080
8246
8118
7792
7367
6819
6034
5025
3827
2494
1037
-581
-2150
-3666
-5032
-6044
-6689
-7082
-7377
-7525
-7503
-7240
-6885
-6494
-5961
-5197
-4158
-2916
-1362
329
1969
3574
5081
6352
7266
7847
8172
8210
7925
7564
7145
6451
5514
4427
3183
1783
242
-1363
-2920
-4305
-5479
-6265
-6730
-7075
-7290
-7318
-7150
-6905
-6581
-6091
-5470
-4593
-3418
-2032
-469
1138
2771
4338
5704
6713
7432
7881
8047
7983
7688
7267
6683
5890
4936
3834
2490
967
-648
-2237
-3705
-4947
-5898
-6580
-6991
-7244
-7320
-7169
-7025
-6765
-6301
-5798
-5043
-3999
-2724
-1276
232
1860
3546
5016
6136
7008
7576
7911
7992
7810
7464
6939
6252
5430
4458
3246
1812
276
-1304
-2824
-4210
-5378
-6174
-6663
-6939
-7079
-7069
-6977
-6811
-6513
-6058
-5440
-4603
-3504
-2199
-661
996
2595
4116
5480
6478
7135
7562
7807
7714
7411
7034
6551
5879
4980
3879
2617
1203
-352
-1983
-3470
-4766
-5860
-6489
-6787
-6983
-7032
-6898
-6707
-6452
-6155
-5651
-4967
-4067
-2858
-1404
146
1779
3390
4802
6055
6929
7401
7683
7733
7566
7191
6756
6193
5406
4452
3336
2010
473
-1119
-2706
-4130
-5319
-6162
-6663
-6957
-7115
-7109
-6903
-6719
-6442
-5986
-5463
-4632
-3540
-2218
-728
859
2491
4030
5357
6440
7163
7556
7741
7703
7463
7013
6541
5892
5033
4000
2743
1306
-256
-1828
-3326
-4648
-5689
-6353
-6734
-6957
-7056
-7003
-6768
-6485
-6152
-5690
-5020
-4107
-2936
-1557
33
1683
3225
4673
5910
6826
7386
7628
7726
7612
7252
6773
6234
5526
4528
3407
2115
606
-954
-2448
-3881
-5119
-6003
-6624
-6990
-7131
-7126
-6975
-6746
-6397
-5993
-5465
-4657
-3595
-2390
-972
671
2308
3831
5178
6258
7044
7545
7717
7684
7477
7029
6538
5916
5115
4127
2811
1469
61
-1501
-3036
-4395
-5487
-6246
-6635
-6908
-7083
-7093
-6936
-6608
-6243
-5762
-5183
-4337
-3163
-1737
-218
1409
2950
4376
5704
6700
7350
7646
7716
7585
7314
6915
6334
5557
4633
3589
2309
908
-607
-2195
-3644
-4882
-5817
-6469
-6851
-7114
-7163
-7007
-6820
-6541
-6130
-5589
-4873
-3871
-2650
-1226
328
1900
3510
4940
6084
6971
7519
7766
7865
7641
7274
6825
6167
5369
4383
3233
1813
318
-1200
-2745
-4121
-5272
-6148
-6637
-6904
-7142
-7153
-7016
-6814
-6533
-6057
-5318
-4528
-3465
-2138
-658
937
2512
4014
5308
6411
7118
7536
7793
7788
7503
7070
6555
5875
4965
3900
2677
1229
-247
-1729
-3200
-4489
-5608
-6403
-6793
-7026
-7108
-7064
-6937
-6707
-6350
-5802
-5034
-4111
-2981
-1576
33
1631
3191
4590
5782
6705
7314
7678
7832
7662
7293
6921
6431
5630
4597
3405
2054
638
-895
-2412
-3818
-5033
-5951
-6512
-6851
-7138
-7228
-7067
-6848
-6518
-6090
-5523
-4690
-3644
-2429
-967
605
2188
3685
5031
6214
7043
7489
7747
7831
7584
7210
6731
6082
5214
4174
2998
1606
138
-1415
-2890
-4233
-5358
-6145
-6673
-6982
-7208
-7224
-7059
-6768
-6366
-5904
-5194
-4290
-3155
-1861
-397
1217
2776
4226
5503
6502
7180
7626
7808
7741
7482
7047
6486
5798
4871
3732
2458
1025
-474
-1968
-3468
-4735
-5727
-6350
-6730
-7018
-7168
-7140
-6925
-6561
-6153
-5641
-4914
-3943
-2769
-1318
221
1748
3227
4634
5891
6775
7347
7684
7745
7581
7266
6820
6191
5379
4386
3294
2009
519
-1026
-2560
-3907
-5082
-5966
-6541
-6900
-7137
-7176
-7037
-6828
-6503
-6024
-5367
-4533
-3461
-2242
-850
713
2204
3661
5009
6114
6920
7433
7722
7783
7557
7147
6679
6004
5148
4127
2890
1535
83
-1404
-2846
-4176
-5328
-6117
-6576
-6907
-7101
-7123
-6958
-6671
-6284
-5798
-5118
-4235
-3157
-1802
-375
1145
2637
4013
5258
6347
7065
7447
7631
7576
7343
6945
6393
5618
4739
3679
2422
1061
-414
-1864
-3297
-4563
-5560
-6263
-6684
-6965
-7082
-7021
-6838
-6533
-6076
-5529
-4842
-3907
-2728
-1350
56
1521
3039
4461
5651
6598
7228
7588
7722
7640
7308
6843
6250
5459
4511
3421
2120
698
-798
-2238
-3630
-4854
-5786
-6397
-6806
-7083
-7122
-7018
-6790
-6490
-6025
-5400
-4640
-3721
-2528
-1120
388
1884
3393
4774
5917
6776
7331
7657
7752
7558
7172
6695
6073
5242
4276
3122
1802
339
-1132
-2541
-3928
-5153
-6008
-6508
-6818
-7034
-7102
-6953
-6686
-6386
-5893
-5266
-4455
-3423
-2154
-672
849
2375
3796
5128
6227
7005
7483
7699
7683
7450
7039
6528
5824
4918
3932
2748
1399
-105
-1582
-3004
-4364
-5453
-6198
-6625
-6964
-7148
-7120
-6943
-6660
-6265
-5728
-5066
-4221
-3105
-1778
-278
1222
2728
4151
5439
6507
7190
7568
7756
7712
7407
6969
6424
5658
4730
3679
2446
1079
-395
-1917
-3302
-4586
-5642
-6331
-6704
-6926
-7076
-7059
-6861
-6538
-6166
-5615
-4893
-4009
-2863
-1434
123
1612
3092
4493
5711
6690
7335
7657
7713
7614
7343
6914
6274
5441
4483
3409
2180
751
-784
-2259
-3661
-4858
-5736
-6337
-6720
-6971
-7045
-6956
-6772
-6478
-6016
-5448
-4686
-3695
-2493
-1108
406
2003
3456
4826
5973
6847
7341
7642
7738
7511
7159
6675
6030
5217
4215
3040
1743
295
-1214
-2690
-4060
-5201
-6059
-6527
-6805
-7045
-7129
-6885
-6589
-6355
-5993
-5465
-4612
-3537
-2251
-785
713
2300
3872
5198
6300
7076
7465
7699
7740
7478
7049
6565
5901
5032
4057
2858
1494
23
-1449
-2864
-4245
-5360
-6180
-6666
-6884
-7012
-6985
-6851
-6577
-6248
-5791
-5116
-4318
-3248
-1964
-480
1077
2629
4113
5379
6462
7193
7533
7667
7690
7441
6955
6413
5688
4784
3761
2557
1139
-380
-1926
-3389
-4645
-5645
-6309
-6727
-6907
-6962
-6900
-6755
-6522
-6148
-5679
-5026
-4098
-2993
-1676
-162
1412
2972
4435
5719
6669
7277
7608
7763
7680
7333
6853
6279
5564
4682
3559
2274
866
-676
-2196
-3648
-4899
-5884
-6548
-6856
-7024
-7080
-7001
-6828
-6504
-6034
-5498
-4846
-3856
-2649
-1314
213
1805
3343
4768
5980
6924
7508
7732
7799
7665
7267
6726
6083
5294
4394
3293
1924
470
-978
-2511
-3920
-5049
-5978
-6593
-6861
-6956
-6946
-6839
-6627
-6348
-5951
-5419
-4631
-3630
-2411
-996
515
2103
3675
5051
6147
6965
7518
7776
7781
7563
7099
6541
5937
5119
4096
2915
1550
84
-1382
-2836
-4230
-5360
-6151
-6604
-6828
-6967
-6974
-6856
-6576
-6207
-5719
-5143
-4366
-3325
-2043
-605
913
2497
3977
5342
6395
7119
7539
7685
7720
7485
6963
6377
5694
4859
3834
2657
1256
-280
-1772
-3240
-4520
-5562
-6348
-6820
-6982
-6994
-6912
-6727
-6462
-6110
-5617
-4921
-4046
-2986
-1745
-304
1263
2812
4301
5559
6531
7223
7622
7779
7685
7325
6780
6229
5507
4579
3534
2282
832
-596
-2086
-3513
-4773
-5797
-6443
-6791
-6905
-6946
-6923
-6727
-6356
-5912
-5356
-4675
-3808
-2734
-1378
113
1677
3174
4593
5826
6761
7443
7770
7844
7658
7281
6809
6218
5362
4354
3250
2017
597
-901
-2395
-3821
-5016
-5872
-6470
-6838
-7001
-7058
-6974
-6715
-6366
-5976
-5408
-4636
-3677
-2544
-1134
361
1901
3436
4813
5980
6880
7404
7641
7728
7552
7129
6588
5956
5132
4139
3027
1716
277
-1186
-2655
-3988
-5135
-5978
-6475
-6746
-6928
-6951
-6837
-6641
-6324
-5845
-5206
-4437
-3442
-2182
-747
747
2262
3760
5107
6188
6996
7462
7694
7699
7451
7044
6495
5821
4933
3930
2752
1382
-91
-1512
-2878
-4222
-5253
-6006
-6523
-6779
-6909
-6903
-6780
-6491
-6156
-5697
-5085
-4241
-3221
-1923
-419
1049
2575
4028
5292
6358
7052
7450
7643
7563
7280
6843
6287
5563
4643
3598
2395
1050
-403
-1851
-3197
-4475
-5458
-6128
-6555
-6804
-6935
-6868
-6681
-6403
-5982
-5495
-4875
-3977
-2904
-1631
-137
1369
2842
4293
5560
6527
7159
7472
7574
7483
7121
6655
6102
5351
4448
3402
2219
876
-598
-2134
-3493
-4666
-5622
-6170
-6545
-6802
-6813
-6705
-6523
-6184
-5796
-5329
-4647
-3724
-2580
-1253
176
1686
3178
4585
5788
6666
7196
7469
7557
7391
6987
6479
5848
5056
4172
3107
1858
474
-980
-2429
-3763
-4875
-5759
-6348
-6672
-6845
-6804
-6618
-6384
-6121
-5664
-5073
-4417
-3486
-2322
-1034
433
1906
3355
4721
5857
6690
7193
7463
7456
7188
6771
6322
5648
4797
3913
2833
1554
194
-1229
-2617
-3925
-5033
-5868
-6389
-6669
-6766
-6691
-6470
-6173
-5864
-5401
-4842
-4185
-3207
-2081
-771
680
2190
3636
5004
6091
6800
7321
7568
7500
7134
6613
6094
5482
4675
3736
2616
1316
-52
-1465
-2868
-4190
-5244
-5971
-6436
-6665
-6785
-6688
-6391
-6099
-5778
-5274
-4674
-3992
-3018
-1844
-509
945
2447
3914
5185
6206
6888
7237
7369
7331
6959
6414
5904
5258
4426
3463
2356
1044
-338
-1731
-3102
-4404
-5420
-6109
-6481
-6596
-6661
-6569
-6242
-5829
-5491
-5096
-4470
-3683
-2755
-1601
-190
1229
2628
4058
5384
6361
6928
7171
7326
7201
6804
6265
5691
5013
4141
3234
2166
913
-551
-2033
-3372
-4567
-5555
-6199
-6533
-6643
-6569
-6367
-6102
-5811
-5467
-4960
-4328
-3540
-2604
-1397
52
1564
3025
4370
5578
6475
7032
7282
7345
7189
6689
6167
5609
4907
4067
3066
1882
535
-846
-2244
-3596
-4737
-5663
-6291
-6515
-6585
-6546
-6367
-6056
-5687
-5315
-4865
-4272
-3438
-2395
-1146
288
1750
3243
4631
5743
6602
7131
7298
7236
7023
6637
6108
5440
4726
3872
2870
1706
357
-1078
-2536
-3880
-5021
-5845
-6347
-6602
-6636
-6480
-6222
-5945
-5628
-5288
-4840
-4199
-3322
-2249
-969
519
2037
3519
4916
6029
6746
7184
7415
7304
6970
6510
5950
5292
4548
3700
2609
1379
-18
-1455
-2870
-4168
-5242
-5953
-6386
-6577
-6595
-6503
-6248
-5977
-5638
-5164
-4656
-3934
-3084
-2016
-630
925
2415
3819
5178
6242
6946
7351
7507
7358
7017
6508
5977
5341
4469
3481
2365
1093
-272
-1706
-3158
-4389
-5436
-6118
-6356
-6513
-6623
-6518
-6211
-5912
-5640
-5248
-4669
-3905
-2979
-1759
-388
1106
2621
4039
5370
6384
6974
7332
7437
7358
6952
6443
5893
5175
4360
3393
2270
921
-516
-1940
-3301
-4505
-5491
-6173
-6499
-6569
-6591
-6406
-6105
-5897
-5614
-5145
-4513
-3818
-2897
-1669
-255
1235
2770
4190
5420
6370
6973
7251
7350
7245
6807
6261
5739
5113
4238
3282
2116
771
-643
-2070
-3445
-4675
-5602
-6235
-6508
-6566
-6503
-6347
-6109
-5812
-5517
-5130
-4526
-3685
-2727
-1509
-92
1427
2978
4417
5612
6489
7030
7315
7401
7239
6821
6286
5771
5127
4262
3188
1980
622
-813
-2242
-3554
-4738
-5650
-6146
-6413
-6523
-6494
-6343
-6105
-5857
-5572
-5141
-4555
-3742
-2697
-1482
-52
1529
3039
4464
5633
6493
7039
7323
7405
7231
6842
6348
5814
5122
4267
3221
1971
570
-837
-2267
-3634
-4775
-5688
-6171
-6362
-6438
-6420
-6306
-6067
-5811
-5479
-5102
-4508
-3688
-2642
-1350
94
1658
3154
4533
5692
6558
7094
7345
7361
7165
6770
6257
5739
5052
4133
3039
1769
390
-1060
-2469
-3814
-4927
-5766
-6295
-6429
-6481
-6476
-6308
-6058
-5801
-5597
-5265
-4689
-3776
-2698
-1346
244
1795
3303
4703
5873
6660
7098
7354
7418
7198
6795
6347
5850
5168
4211
3098
1814
345
-1096
-2526
-3815
-5012
-5847
-6255
-6390
-6430
-6536
-6524
-6321
-6017
-5656
-5224
-4576
-3695
-2552
-1150
403
1898
3334
4723
5874
6750
7276
7538
7579
7368
6972
6529
5911
5110
4123
2990
1718
280
-1209
-2605
-3908
-5023
-5847
-6292
-6509
-6643
-6655
-6527
-6328
-6070
-5675
-5241
-4587
-3647
-2490
-1151
380
2010
3467
4822
5974
6809
7266
7489
7623
7396
6963
6501
5893
5058
4099
2918
1567
158
-1309
-2754
-4047
-5065
-5860
-6329
-6510
-6615
-6679
-6576
-6313
-6089
-5751
-5148
-4440
-3545
-2400
-1047
463
2042
3558
4862
5935
6795
7333
7550
7614
7404
6918
6446
5865
5035
4016
2915
1581
112
-1288
-2694
-3981
-5041
-5819
-6259
-6434
-6565
-6641
-6589
-6343
-5986
-5657
-5195
-4429
-3533
-2402
-984
534
2050
3455
4769
5865
6690
7218
7418
7429
7264
6885
6381
5790
4998
3943
2801
1546
141
-1342
-2720
-3945
-4988
-5761
-6201
-6385
-6461
-6531
-6443
-6231
-5963
-5639
-5196
-4457
-3524
-2410
-1050
458
1947
3367
4686
5778
6610
7091
7303
7349
7239
6893
6382
5802
5045
4101
2956
1690
281
-1214
-2611
-3855
-4923
-5685
-6102
-6320
-6438
-6438
-6391
-6255
-5980
-5639
-5183
-4485
-3563
-2425
-1121
317
1885
3282
4591
5707
6529
7069
7304
7380
7268
6912
6466
5908
5110
4164
3013
1720
341
-1133
-2549
-3807
-4857
-5622
-6079
-6296
-6425
-6427
-6345
-6169
-5963
-5652
-5200
-4606
-3755
-2597
-1240
188
1704
3237
4577
5658
6506
7024
7294
7400
7264
6906
6460
5901
5162
4215
3069
1763
341
-1123
-2474
-3751
-4845
-5627
-6133
-6356
-6444
-6503
-6462
-6304
-6050
-5688
-5193
-4540
-3711
-2652
-1335
205
1776
3217
4529
5647
6529
7088
7429
7494
7324
6965
6531
6007
5196
4194
3054
1753
330
-1159
-2601
-3878
-4973
-5755
-6173
-6349
-6538
-6632
-6520
-6368
-6081
-5727
-5257
-4603
-3708
-2531
-1195
294
1819
3368
4775
5922
6752
7229
7507
7624
7477
7060
6619
6012
5193
4234
3145
1802
325
-1171
-2609
-3888
-5023
-5866
-6320
-6520
-6661
-6738
-6626
-6415
-6157
-5756
-5249
-4606
-3711
-2545
-1161
312
1898
3424
4785
5922
6688
7200
7489
7566
7406
7000
6560
5964
5134
4191
3076
1751
236
-1255
-2694
-4008
-5051
-5842
-6314
-6532
-6626
-6650
-6519
-6319
-6084
-5760
-5241
-4558
-3649
-2382
-990
460
1988
3538
4889
5986
6776
7277
7542
7595
7371
6946
6493
5869
5008
4017
2861
1498
-18
-1434
-2850
-4164
-5155
-5899
-6342
-6548
-6648
-6673
-6519
-6277
-6006
-5641
-5110
-4407
-3500
-2278
-873
591
2142
3671
4998
6136
6963
7413
7561
7555
7366
6941
6422
5737
4899
3931
2756
1435
-35
-1511
-2957
-4263
-5254
-5980
-6423
-6629
-6736
-6666
-6442
-6229
-5999
-5675
-5131
-4328
-3395
-2173
-679
844
2350
3869
5279
6301
7005
7376
7560
7607
7318
6817
6291
5623
4808
3746
2564
1211
-284
-1748
-3149
-4378
-5353
-6050
-6416
-6583
-6647
-6583
-6434
-6174
-5861
-5506
-4911
-4131
-3210
-2051
-573
975
2464
3942
5283
6323
7005
7377
7560
7566
7194
6692
6188
5527
4699
3618
2400
1076
-395
-1922
-3317
-4534
-5534
-6207
-6527
-6662
-6711
-6622
-6475
-6191
-5831
-5423
-4866
-4080
-3057
-1862
-437
1171
2673
4146
5489
6476
7139
7500
7659
7529
7181
6737
6139
5406
4556
3526
2296
887
-597
-2105
-3460
-4674
-5638
-6224
-6548
-6709
-6727
-6609
-6396
-6183
-5811
-5356
-4769
-3965
-2917
-1633
-231
1355
2912
4338
5563
6593
7256
7546
7688
7581
7196
6695
6144
5392
4463
3398
2119
705
-705
-2197
-3599
-4789
-5742
-6311
-6548
-6690
-6792
-6666
-6389
-6140
-5802
-5358
-4742
-3908
-2819
-1505
-42
1558
3145
4572
5827
6757
7308
7551
7711
7586
7202
6723
6101
5290
4330
3300
1984
485
-966
-2422
-3827
-4975
-5859
-6452
-6676
-6820
-6873
-6736
-6494
-6185
-5841
-5285
-4568
-3738
-2685
-1274
208
1724
3265
4710
5890
6803
7413
7663
7703
7466
7024
6555
5956
5132
4160
3041
1778
344
-1156
-2631
-4000
-5139
-5916
-6391
-6633
-6704
-6728
-6610
-6319
-6006
-5661
-5200
-4482
-3550
-2389
-1008
439
1944
3528
4975
6107
6955
7453
7655
7613
7424
7008
6358
5681
4911
3932
2781
1488
29
-1465
-2852
-4151
-5267
-6062
-6500
-6714
-6738
-6667
-6621
-6406
-5997
-5499
-5042
-4319
-3322
-2154
-806
724
2302
3725
5055
6159
6954
7452
7589
7547
7328
6901
6307
5606
4836
3828
2629
1341
-95
-1626
-3045
-4207
-5229
-6030
-6528
-6628
-6641
-6570
-6458
-6226
-5841
-5432
-4861
-4107
-3133
-1976
-606
967
2553
4018
5264
6305
7059
7498
7646
7533
7214
6774
6198
5468
4589
3565
2406
1010
-410
-1908
-3316
-4529
-5450
-6067
-6508
-6703
-6745
-6614
-6400
-6240
-5966
-5514
-4945
-4185
-3138
-1884
-452
1087
2634
4190
5528
6425
7061
7448
7602
7514
7194
6718
6189
5506
4572
3490
2266
885
-613
-2063
-3437
-4649
-5618
-6189
-6440
-6624
-6678
-6558
-6345
-6107
-5768
-5310
-4697
-3901
-2830
-1551
-101
1433
2902
4342
5615
6572
7125
7429
7571
7500
7143
6555
5977
5252
4312
3254
2004
571
-934
-2338
-3634
-4765
-5681
-6300
-6603
-6728
-6716
-6574
-6377
-6145
-5795
-5258
-4593
-3737
-2689
-1387
101
1666
3178
4600
5807
6699
7276
7581
7699
7521
7118
6547
5951
5249
4297
3149
1875
464
-1048
-2505
-3845
-4946
-5851
-6428
-6695
-6816
-6756
-6595
-6376
-6102
-5738
-5286
-4601
-3685
-2565
-1232
238
1851
3435
4857
6018
6835
7370
7627
7693
7465
6983
6495
5906
5102
4156
3006
1673
238
-1214
-2631
-3960
-5097
-5950
-6479
-6717
-6825
-6753
-6562
-6342
-6069
-5693
-5216
-4579
-3662
-2484
-1066
482
2013
3574
4974
6099
6933
7458
7672
7648
7410
6963
6492
5885
5003
4002
2883
1560
95
-1418
-2854
-4187
-5278
-6035
-6470
-6702
-6851
-6816
-6702
-6452
-6125
-5707
-5148
-4445
-3475
-2240
-804
727
2271
3837
5196
6328
7145
7657
7883
7800
7544
7096
6584
5839
4952
3898
2664
1305
-179
-1645
-3117
-4398
-5507
-6216
-6574
-6843
-6980
-7002
-6777
-6503
-6175
-5705
-5121
-4364
-3362
-2098
-625
924
2456
3940
5342
6570
7339
7719
7935
7887
7606
7137
6558
5796
4860
3774
2588
1228
-269
-1795
-3213
-4465
-5539
-6344
-6737
-6905
-7011
-6958
-6726
-6429
-6100
-5689
-5075
-4199
-3215
-2016
-554
1002
2481
3972
5409
6542
7270
7675
7878
7849
7534
6997
6353
5691
4766
3638
2433
1068
-424
-1951
-3269
-4415
-5457
-6311
-6693
-6836
-6925
-6848
-6676
-6378
-6014
-5536
-4952
-4129
-3132
-1969
-537
1020
2547
3991
5339
6456
7189
7583
7809
7809
7448
6916
6349
5621
4732
3622
2417
1039
-412
-1844
-3264
-4458
-5490
-6230
-6642
-6797
-6850
-6797
-6576
-6326
-5986
-5514
-4942
-4184
-3193
-1964
-525
1009
2632
4100
5377
6458
7169
7599
7789
7747
7467
6973
6406
5719
4805
3719
2477
1068
-382
-1851
-3260
-4489
-5516
-6232
-6579
-6770
-6877
-6824
-6614
-6328
-6012
-5577
-4968
-4246
-3296
-2030
-603
913
2442
3964
5338
6430
7171
7667
7941
7888
7595
7129
6556
5810
4879
3780
2550
1140
-353
-1780
-3178
-4497
-5560
-6295
-6671
-6898
-7024
-6958
-6760
-6480
-6151
-5674
-5106
-4396
-3411
-2145
-657
932
2551
4115
5513
6583
7455
7885
8064
8040
7700
7198
6595
5842
4886
3764
2443
1052
-436
-1960
-3406
-4696
-5778
-6477
-6835
-7002
-7044
-7033
-6848
-6555
-6237
-5807
-5263
-4463
-3411
-2121
-562
1105
2796
4380
5731
6884
7667
8157
8355
8253
7894
7356
6765
5965
4931
3688
2385
956
-604
-2116
-3586
-4931
-5917
-6567
-6916
-7071
-7155
-7101
-6916
-6689
-6414
-5984
-5404
-4591
-3449
-2086
-580
1076
2804
4417
5840
6928
7668
8117
8345
8275
7922
7420
6768
5961
4968
3850
2469
908
-681
-2200
-3659
-4908
-5961
-6654
-6929
-7054
-7109
-7067
-6900
-6678
-6355
-5914
-5275
-4449
-3391
