-15861
-15474
-14936
-14193
-13237
-12163
-11053
-9714
-8048
-6081
-3778
-1280
1330
3834
6069
7927
9309
10203
10551
10530
10118
9568
8736
7726
6514
5014
3243
1308
-750
-2838
-4972
-7108
-8663
-9716
-10351
-10697
-10792
-10620
-10197
-9577
-8828
-7925
-6868
-5753
-4426
-2640
-499
1815
4196
6499
8483
10199
11361
12091
12282
12003
11470
10664
9754
8641
7270
5674
3872
1821
-316
-2579
-4916
-6935
-8517
-9675
-10318
-10604
-10729
-10361
-9882
-9421
-8751
-7957
-7064
-5973
-4441
-2556
-411
1924
4294
6608
8569
10196
11238
11706
11748
11481
10897
10238
9234
7983
6660
5054
3288
1290
-927
-3265
-5490
-7439
-8995
-10055
-10647
-10824
-10784
-10547
-10003
-9363
-8619
-7736
-6764
-5609
-4083
-2212
-37
2345
4728
6931
8886
10429
11368
11825
11911
11548
10978
10263
9257
8010
6637
5029
3105
1057
-1191
-3483
-5644
-7575
-9013
-9978
-10484
-10663
-10826
-10684
-10131
-9413
-8718
-7760
-6646
-5401
-3888
-2071
208
2605
4875
7031
8998
10514
11435
11758
11758
11453
10741
9807
8866
7681
6170
4622
2846
854
-1414
-3737
-5909
-7722
-9037
-9956
-10477
-10715
-10647
-10392
-9857
-9098
-8453
-7696
-6652
-5250
-3608
-1677
549
2955
5285
7415
9316
10669
11474
11794
11718
11388
10730
9765
8714
7484
6054
4426
2515
378
-1871
-4151
-6221
-7957
-9337
-10235
-10631
-10783
-10765
-10409
-9853
-9068
-8238
-7330
-6223
-4870
-3211
-1264
1000
3379
5616
7661
9492
10860
11605
11841
11775
11241
10449
9553
8478
7195
5715
4014
2111
57
-2224
-4542
-6569
-8261
-9476
-10184
-10589
-10805
-10683
-10328
-9735
-8944
-8239
-7370
-6190
-4629
-2850
-895
1412
3867
6122
8050
9753
10984
11633
11821
11664
11252
10462
9409
8244
6974
5382
3560
1587
-488
-2668
-4959
-6994
-8591
-9718
-10422
-10695
-10815
-10690
-10294
-9685
-8839
-7873
-6830
-5720
-4258
-2316
-94
2259
4624
6815
8615
10124
11294
11913
11942
11523
10839
10080
9087
7880
6445
4756
2986
974
-1115
-3267
-5580
-7570
-9003
-9863
-10416
-10772
-10780
-10588
-10092
-9362
-8531
-7623
-6704
-5421
-3823
-1850
355
2645
4991
7157
9035
10482
11370
11696
11707
11403
10794
9935
8823
7545
6181
4517
2651
596
-1708
-3929
-6010
-7769
-9141
-10054
-10512
-10680
-10567
-10310
-9789
-9034
-8259
-7299
-6087
-4705
-3158
-1211
1043
3401
5665
7691
9452
10699
11454
11752
11687
11224
10443
9466
8357
7110
5583
3794
1962
-103
-2316
-4492
-6520
-8175
-9483
-10271
-10682
-10950
-10803
-10392
-9737
-8939
-8046
-7126
-5991
-4488
-2813
-826
1448
3817
6063
8060
9746
11007
11657
11796
11665
11118
10296
9295
8173
6846
5296
3486
1446
-593
-2735
-4923
-6907
-8500
-9590
-10229
-10526
-10608
-10451
-10098
-9566
-8816
-7928
-6965
-5760
-4194
-2388
-296
2046
4414
6599
8532
10151
11211
11738
11859
11571
11007
10239
9254
7989
6592
4973
3106
1119
-1025
-3251
-5369
-7281
-8713
-9654
-10260
-10602
-10748
-10610
-10139
-9456
-8732
-7826
-6830
-5639
-4024
-2131
10
2389
4805
6973
8780
10202
11188
11708
11736
11367
10795
9948
8952
7777
6405
4764
2866
764
-1464
-3609
-5764
-7625
-8942
-9852
-10359
-10649
-10611
-10316
-9949
-9278
-8477
-7649
-6698
-5492
-3864
-1757
571
2896
5249
7483
9239
10498
11381
11812
11678
11117
10521
9813
8820
7580
6172
4556
2682
606
-1598
-3912
-6060
-7856
-9140
-9875
-10435
-10765
-10719
-10310
-9659
-9117
-8448
-7567
-6540
-5234
-3485
-1486
651
3071
5444
7617
9418
10619
11398
11691
11607
11232
10558
9614
8525
7308
5888
4258
2361
247
-1986
-4164
-6260
-7971
-9151
-10069
-10500
-10574
-10454
-10052
-9531
-8895
-8108
-7168
-6106
-4735
-3072
-1151
1115
3518
5792
7839
9482
10707
11422
11669
11478
10920
10218
9322
8186
6937
5530
3823
1890
-145
-2290
-4480
-6585
-8265
-9496
-10224
-10506
-10628
-10511
-10054
-9398
-8623
-7749
-6861
-5794
-4437
-2779
-673
1585
3834
6037
7995
9589
10727
11426
11555
11176
10720
10055
9073
7963
6689
5121
3465
1628
-454
-2711
-4847
-6876
-8437
-9492
-10192
-10592
-10701
-10334
-9848
-9293
-8568
-7732
-6832
-5532
-3915
-2153
-119
2133
4341
6474
8318
9802
10792
11236
11327
11063
10545
9849
8852
7655
6349
4851
3057
1070
-989
-3245
-5357
-7161
-8549
-9581
-10203
-10501
-10484
-10112
-9586
-9031
-8217
-7225
-6257
-5069
-3513
-1648
435
2551
4723
6850
8651
10017
10949
11403
11307
10900
10312
9507
8502
7289
5884
4383
2566
596
-1428
-3543
-5650
-7471
-8807
-9594
-10109
-10381
-10381
-10041
-9436
-8778
-7956
-6962
-5957
-4749
-3104
-1174
920
3112
5216
7146
8875
10173
10913
11220
11192
10732
9966
9140
8123
6797
5372
3831
2009
45
-2053
-4189
-6099
-7775
-8990
-9728
-10085
-10301
-10273
-9931
-9328
-8608
-7789
-6930
-5877
-4427
-2710
-810
1259
3480
5656
7643
9236
10405
11035
11277
11163
10623
9922
9106
7936
6607
5241
3594
1654
-351
-2435
-4573
-6494
-8054
-9183
-9903
-10216
-10315
-10216
-9803
-9153
-8381
-7538
-6603
-5474
-4073
-2341
-331
1847
4081
6196
8034
9558
10693
11264
11372
11069
10495
9751
8729
7587
6298
4765
3073
1192
-824
-2928
-5006
-6876
-8309
-9328
-10017
-10295
-10280
-10047
-9609
-9054
-8401
-7578
-6557
-5286
-3746
-1976
160
2353
4551
6658
8420
9770
10654
11154
11252
10965
10315
9493
8529
7387
5976
4412
2653
714
-1401
-3526
-5473
-7221
-8624
-9551
-10003
-10225
-10217
-9993
-9521
-8795
-8052
-7284
-6232
-4932
-3450
-1604
624
2932
5124
7111
8921
10230
10926
11210
11179
10778
10110
9308
8336
7168
5807
4157
2386
418
-1719
-3926
-5981
-7633
-8906
-9697
-10036
-10230
-10275
-9999
-9426
-8740
-7886
-6980
-5940
-4604
-2986
-1102
1049
3350
5465
7410
9188
10387
10994
11287
11225
10772
10044
9129
8055
6781
5380
3755
1899
-80
-2227
-4418
-6368
-7876
-9039
-9855
-10174
-10228
-10099
-9779
-9282
-8510
-7669
-6738
-5613
-4174
-2508
-717
1374
3722
5891
7725
9209
10335
10972
11176
10962
10459
9767
8825
7593
6391
5010
3240
1301
-664
-2636
-4680
-6591
-8077
-9103
-9720
-10030
-10139
-9953
-9582
-9079
-8264
-7318
-6423
-5381
-3914
-2005
-35
2067
4258
6324
8098
9466
10411
11002
11163
10815
10228
9565
8638
7483
6150
4694
2938
961
-1014
-3077
-5124
-6896
-8317
-9244
-9785
-10067
-10077
-9899
-9388
-8743
-8074
-7188
-6237
-5171
-3709
-1929
71
2237
4428
6392
8066
9438
10408
10919
10944
10526
9944
9266
8412
7262
5915
4403
2623
695
-1277
-3345
-5388
-7148
-8398
-9197
-9637
-9911
-9955
-9647
-9191
-8558
-7711
-6874
-5977
-4771
-3169
-1260
766
2842
4921
6938
8620
9835
10645
11018
10924
10520
9913
9165
8083
6834
5522
3970
2130
140
-1919
-3990
-5928
-7591
-8805
-9598
-10010
-10179
-10083
-9678
-9125
-8470
-7670
-6780
-5751
-4456
-2880
-1075
1003
3259
5407
7380
9001
10104
10739
11017
10973
10461
9777
8904
7900
6792
5371
3761
1903
-159
-2202
-4273
-6290
-7882
-9052
-9742
-9979
-10077
-9929
-9516
-8841
-8244
-7513
-6500
-5348
-4140
-2582
-564
1550
3717
5867
7779
9198
10327
10868
10966
10807
10220
9444
8545
7578
6341
4852
3234
1418
-581
-2697
-4722
-6642
-8217
-9302
-9929
-10212
-10149
-9897
-9499
-8826
-8026
-7171
-6230
-5057
-3683
-2079
-185
1983
4229
6211
7921
9404
10425
10940
11003
10686
10175
9473
8424
7394
6167
4642
2873
1048
-934
-3040
-5137
-6941
-8263
-9260
-9911
-10222
-10142
-9719
-9198
-8625
-7813
-6934
-6035
-4864
-3340
-1586
352
2450
4564
6679
8416
9747
10523
10853
10933
10573
9913
9084
8161
6926
5628
4194
2415
485
-1605
-3666
-5613
-7242
-8580
-9479
-9869
-10002
-9939
-9669
-9153
-8545
-7816
-6899
-5860
-4610
-3094
-1208
871
2979
5065
7049
8644
9914
10743
10931
10774
10406
9842
9085
8117
6882
5540
3973
2168
229
-1895
-4009
-6044
-7751
-8898
-9576
-9919
-10088
-9974
-9569
-9051
-8438
-7673
-6784
-5727
-4397
-2802
-970
1093
3312
5383
7383
9040
10062
10723
10994
10862
10351
9639
8766
7797
6546
5208
3611
1735
-212
-2308
-4406
-6291
-7877
-9107
-9733
-9990
-10086
-9973
-9691
-9145
-8348
-7523
-6553
-5452
-4080
-2370
-378
1789
4087
6104
7823
9355
10465
11085
11154
10901
10435
9733
8825
7804
6494
4987
3249
1426
-528
-2641
-4764
-6730
-8175
-9169
-9810
-10119
-10092
-9891
-9504
-8904
-8203
-7467
-6631
-5468
-3998
-2247
-175
2017
4316
6418
8155
9555
10576
11079
11090
10738
10222
9474
8540
7477
6164
4703
2950
987
-1039
-3178
-5344
-7256
-8630
-9494
-9977
-10204
-10187
-9922
-9483
-8797
-8012
-7142
-6258
-5141
-3636
-1761
291
2465
4737
6826
8590
9921
10740
11189
11172
10706
10154
9311
8272
7147
5827
4349
2614
740
-1418
-3634
-5642
-7455
-8741
-9550
-9974
-10098
-10021
-9689
-9179
-8607
-7868
-6997
-6048
-4816
-3247
-1477
643
2993
5237
7174
8828
10005
10753
11132
10999
10481
9796
8960
7929
6765
5454
3862
2006
52
-1963
-4038
-6091
-7812
-9061
-9765
-10040
-10128
-10031
-9611
-8955
-8304
-7529
-6590
-5623
-4356
-2823
-941
1266
3606
5700
7619
9255
10450
11166
11327
11134
10544
9729
8920
7961
6669
5174
3456
1644
-316
-2481
-4618
-6613
-8190
-9343
-10042
-10288
-10324
-10174
-9745
-9103
-8322
-7465
-6515
-5328
-3923
-2225
-308
1760
4046
6109
7981
9557
10647
11184
11219
11037
10501
9668
8587
7481
6225
4774
3059
1161
-792
-2882
-4887
-6838
-8342
-9380
-10093
-10339
-10263
-9991
-9582
-8922
-8166
-7226
-6172
-5021
-3550
-1828
255
2390
4534
6539
8262
9638
10543
11008
11108
10792
10096
9253
8297
7116
5701
4198
2434
597
-1354
-3410
-5414
-7246
-8643
-9504
-9954
-10139
-10086
-9779
-9267
-8511
-7615
-6657
-5639
-4525
-3128
-1248
834
2968
4988
6928
8720
9891
10734
11094
10957
10485
9782
8947
7938
6737
5296
3724
2055
219
-1862
-3978
-5899
-7631
-8913
-9677
-9989
-10096
-9964
-9586
-8945
-8244
-7472
-6538
-5511
-4142
-2555
-860
1150
3266
5311
7266
8899
10011
10663
10865
10743
10287
9586
8642
7502
6299
5000
3475
1686
-157
-2186
-4247
-6106
-7720
-8967
-9766
-9986
-9977
-9775
-9252
-8666
-8043
-7202
-6219
-5160
-3843
-2342
-562
1491
3640
5728
7526
8991
10072
10739
10881
10663
10103
9287
8428
7331
6131
4814
3147
1307
-587
-2543
-4568
-6497
-8014
-9115
-9687
-9932
-9897
-9537
-9109
-8548
-7873
-7080
-6134
-5004
-3689
-2008
-44
1999
4200
6116
7824
9332
10342
10815
10806
10517
9923
9226
8262
7201
5940
4477
2822
982
-972
-3023
-5020
-6859
-8348
-9338
-9865
-10007
-9963
-9720
-9240
-8601
-7770
-6859
-6000
-4863
-3452
-1778
219
2346
4597
6524
8198
9580
10483
10917
10847
10428
9761
9011
8048
6971
5727
4262
2548
648
-1313
-3422
-5454
-7223
-8599
-9433
-9879
-10046
-9997
-9681
-9077
-8394
-7597
-6650
-5661
-4586
-3195
-1374
692
2888
5024
6866
8539
9878
10727
11103
10971
10467
9722
8868
7880
6760
5440
3937
2222
324
-1600
-3650
-5650
-7372
-8658
-9488
-9902
-10076
-9875
-9395
-8813
-8150
-7502
-6698
-5674
-4468
-2939
-1075
997
3155
5245
7168
8735
9844
10605
10867
10655
10278
9553
8696
7761
6556
5140
3576
1782
-132
-2132
-4168
-6144
-7821
-9009
-9649
-9932
-9995
-9784
-9452
-8904
-8134
-7365
-6475
-5405
-4149
-2602
-751
1302
3537
5634
7478
9078
10259
10880
11055
10812
10289
9511
8533
7589
6418
5038
3440
1624
-314
-2375
-4471
-6383
-7933
-9113
-9802
-10057
-9951
-9725
-9359
-8783
-8064
-7244
-6380
-5297
-4005
-2444
-541
1571
3832
5923
7748
9276
10314
10880
10986
10698
10106
9298
8366
7318
6080
4684
3115
1291
-619
-2616
-4587
-6524
-8060
-9122
-9768
-9943
-9943
-9748
-9303
-8614
-7821
-6913
-6079
-5059
-3733
-2162
-227
1830
3915
5910
7733
9232
10252
10786
10858
10571
9952
9176
8279
7217
5961
4525
3006
1202
-759
-2798
-4758
-6545
-8026
-9106
-9691
-9860
-9843
-9642
-9119
-8397
-7728
-6944
-6020
-4858
-3475
-1959
-131
1917
4033
6010
7831
9321
10266
10710
10822
10509
9873
9119
8098
7002
5797
4404
2855
1052
-888
-2907
-4859
-6695
-8057
-9103
-9790
-9913
-9851
-9625
-9076
-8426
-7686
-6829
-5934
-4803
-3402
-1793
-34
1992
4108
6079
7732
9151
10177
10673
10682
10325
9725
8962
8069
6983
5748
4356
2739
983
-869
-2800
-4817
-6659
-8076
-8972
-9521
-9747
-9729
-9407
-8878
-8239
-7439
-6596
-5746
-4772
-3346
-1686
96
2093
4180
6239
7924
9316
10298
10723
10707
10298
9684
8905
7924
6742
5561
4257
2641
833
-1069
-3005
-5019
-6861
-8206
-9127
-9616
-9832
-9816
-9506
-8960
-8387
-7666
-6800
-5870
-4733
-3431
-1788
191
2213
4244
6267
7916
9236
10225
10697
10682
10361
9805
9024
8070
6909
5633
4201
2577
703
-1257
-3184
-5119
-6881
-8242
-9075
-9500
-9669
-9566
-9306
-8856
-8317
-7589
-6679
-5706
-4665
-3328
-1639
329
2375
4490
6467
8088
9389
10240
10709
10673
10267
9685
8854
7902
6835
5501
4001
2330
519
-1411
-3385
-5230
-6970
-8312
-9161
-9650
-9745
-9625
-9355
-8905
-8308
-7538
-6595
-5642
-4585
-3157
-1393
570
2603
4662
6591
8260
9587
10460
10901
10797
10349
9639
8878
7980
6752
5357
3870
2246
416
-1503
-3491
-5479
-7205
-8511
-9310
-9732
-10017
-9972
-9523
-8902
-8263
-7511
-6673
-5643
-4410
-2977
-1217
742
2769
4841
6679
8306
9729
10514
10771
10729
10323
9641
8806
7771
6552
5249
3819
2094
275
-1689
-3828
-5715
-7327
-8572
-9338
-9667
-9786
-9725
-9399
-8840
-8211
-7375
-6398
-5493
-4383
-2901
-1043
844
2815
5011
6871
8407
9724
10498
10834
10757
10275
9586
8855
7815
6510
5170
3750
2020
52
-1883
-3759
-5770
-7491
-8562
-9353
-9704
-9825
-9731
-9259
-8760
-8114
-7312
-6478
-5465
-4364
-2964
-1047
989
3074
5223
7109
8593
9770
10559
10817
10594
10071
9409
8576
7585
6470
5114
3596
1845
-103
-2076
-3998
-5904
-7599
-8721
-9331
-9647
-9717
-9544
-9210
-8748
-8086
-7310
-6462
-5512
-4209
-2648
-754
1312
3377
5469
7324
8789
9928
10674
10939
10784
10193
9576
8781
7696
6438
5026
3434
1566
-376
-2329
-4341
-6207
-7735
-8814
-9387
-9669
-9841
-9789
-9429
-8890
-8207
-7388
-6482
-5473
-4233
-2634
-633
1557
3652
5636
7487
9086
10179
10709
10906
10718
10154
9488
8623
7610
6330
4834
3237
1444
-445
-2579
-4569
-6397
-7977
-8998
-9663
-9911
-9954
-9766
-9295
-8766
-8194
-7495
-6611
-5486
-4112
-2507
-563
1655
3916
5990
7883
9354
10351
10820
10940
10820
10197
9336
8417
7453
6229
4739
3093
1253
-673
-2761
-4815
-6588
-7993
-9063
-9693
-9863
-9760
-9582
-9232
-8646
-7946
-7179
-6273
-5168
-3823
-2163
-205
2000
4324
6385
8155
9517
10482
11010
11001
10678
10057
9222
8296
7198
5938
4490
2781
892
-1046
-3129
-5196
-7007
-8460
-9430
-9822
-9933
-9882
-9619
-9244
-8598
-7809
-7001
-6016
-4891
-3516
-1834
178
2454
4654
6700
8373
9714
10614
11017
11059
10668
10015
9124
8089
7018
5703
4176
2400
484
-1425
-3435
-5438
-7176
-8473
-9323
-9739
-9835
-9749
-9571
-9123
-8513
-7740
-6884
-6019
-4875
-3331
-1550
585
2797
4957
6889
8541
9770
10566
10939
10840
10407
9780
9020
8029
6825
5471
3904
2135
212
-1786
-3859
-5780
-7389
-8574
-9303
-9657
-9810
-9742
-9440
-9017
-8392
-7621
-6758
-5803
-4610
-3045
-1158
930
3069
5199
7168
8808
10025
10785
11039
10862
10380
9648
8896
7890
6616
5187
3581
1884
-33
-2061
-4103
-5986
-7514
-8688
-9347
-9709
-9853
-9751
-9448
-8882
-8228
-7527
-6708
-5722
-4456
-2870
-970
1122
3266
5397
7490
9034
10112
10812
11032
10847
10315
9606
8712
7662
6464
5083
3540
1704
-287
-2335
-4366
-6171
-7742
-8863
-9436
-9738
-9772
-9637
-9301
-8812
-8137
-7354
-6508
-5489
-4268
-2678
-783
1338
3595
5716
7612
9122
10223
10805
10965
10704
10098
9333
8441
7456
6218
4844
3246
1414
-471
-2506
-4550
-6424
-7930
-8972
-9479
-9732
-9757
-9572
-9253
-8656
-7959
-7228
-6411
-5463
-4208
-2562
-629
1503
3830
5963
7761
9239
10239
10809
10972
10627
10005
9359
8579
7471
6213
4843
3190
1316
-646
-2685
-4740
-6594
-8013
-8969
-9455
-9665
-9773
-9526
-9072
-8503
-7899
-7069
-6247
-5299
-3966
-2315
-419
1609
3872
6101
7919
9319
10300
10820
10903
10601
9917
9129
8276
7177
5988
4648
2931
1073
-853
-2856
-4814
-6647
-8144
-9116
-9609
-9786
-9668
-9442
-9008
-8438
-7780
-6994
-6074
-5103
-3933
-2242
-134
2049
4207
6256
8059
9472
10416
10893
10851
10508
9831
9095
8193
7198
5857
4312
2732
919
-1094
-3150
-5113
-6934
-8330
-9236
-9653
-9762
-9719
-9520
-9069
-8450
-7750
-6998
-6212
-5107
-3723
-2003
0
2204
4482
6535
8220
9573
10549
10936
10886
10510
9868
9066
8141
7064
5830
4379
2594
751
-1201
-3302
-5269
-6969
-8261
-9120
-9578
-9703
-9670
-9374
-8890
-8423
-7765
-6949
-6166
-5066
-3641
-1849
183
2406
4705
6720
8418
9676
10542
10883
10784
10318
9617
8912
7981
6900
5627
4162
2431
549
-1391
-3438
-5466
-7169
-8424
-9256
-9555
-9705
-9688
-9330
-8932
-8382
-7700
-6964
-6141
-5046
-3550
-1555
566
2783
5011
7056
8776
10067
10824
11098
10998
10441
9727
9021
8107
6911
5515
3994
2241
283
-1834
-3935
-5902
-7596
-8716
-9397
-9639
-9749
-9716
-9392
-8870
-8372
-7833
-7077
-6231
-5103
-3502
-1551
697
3101
5332
7355
8980
10175
10921
11088
10912
10402
9755
8992
8022
6962
5544
3987
2163
74
-1998
-4117
-6088
-7687
-8772
-9443
-9799
-9799
-9675
-9409
-8961
-8453
-7865
-7086
-6052
-4768
-3204
-1291
985
3410
5679
7666
9300
10374
10968
11217
11026
10506
9884
8950
7916
6825
5398
3703
1736
-282
-2355
-4522
-6431
-7904
-9053
-9672
-9832
-9873
-9749
-9386
-8974
-8510
-7857
-6999
-5957
-4751
-3179
-1032
1288
3766
6012
7952
9512
10579
11181
11380
11092
10391
9656
8832
7932
6693
5159
3368
1419
-677
-2872
-4899
-6855
-8388
-9337
-9750
-9856
-9947
-9808
-9411
-8941
-8424
-7683
-6801
-5762
-4360
-2612
-478
1929
4336
6462
8437
9920
10834
11361
11486
11181
10488
9639
8692
7629
6377
4867
3063
1053
-1062
-3211
-5262
-7057
-8481
-9526
-9979
-10064
-9958
-9743
-9357
-8779
-8227
-7455
-6566
-5464
-3999
-2181
73
2434
4803
6940
8692
10024
10912
11316
11225
10731
10034
9295
8375
7241
5901
4380
2596
575
-1528
-3641
-5685
-7532
-8796
-9552
-9938
-10078
-9996
-9643
-9231
-8641
-7902
-7102
-6247
-5090
-3506
-1593
648
2923
5229
7315
8989
10255
10969
11165
11083
10543
9780
9016
8040
6883
5562
3988
2148
164
-1967
-4050
-5986
-7683
-8872
-9561
-9798
-9847
-9752
-9391
-8933
-8351
-7678
-6860
-5983
-4810
-3229
-1214
1089
3416
5709
7592
9181
10319
10959
11114
10884
10287
9533
8788
7792
6605
5157
3560
1710
-245
-2333
-4410
-6318
-7930
-8972
-9553
-9823
-9888
-9815
-9448
-8899
-8277
-7607
-6805
-5808
-4471
-2812
-776
1455
3736
5976
7929
9498
10602
11101
11176
10890
10302
9574
8659
7541
6316
4878
3162
1298
-686
-2777
-4834
-6663
-8091
-9096
-9643
-9879
-9905
-9659
-9308
-8785
-8160
-7459
-6618
-5517
-4104
-2407
-359
1943
4365
6561
8388
9737
10700
11198
11239
10864
10219
9436
8417
7325
6149
4630
2813
855
-1223
-3260
-5307
-7082
-8458
-9330
-9803
-9950
-9797
-9562
-9154
-8714
-8071
-7306
-6434
-5270
-3852
-2004
188
2588
4868
7001
8789
10018
10808
11190
11199
10669
9995
9179
8166
7076
5751
4140
2228
277
-1805
-3880
-5791
-7524
-8777
-9517
-9850
-9980
-9866
-9534
-9071
-8501
-7891
-7062
-6160
-4982
-3396
-1479
772
3266
5499
7456
9138
10354
11044
11239
11068
10503
9788
8984
8068
6866
5430
3782
1883
-138
-2199
-4310
-6262
-7868
-8955
-9507
-9789
-9870
-9780
-9537
-9099
-8547
-7817
-6978
-6031
-4693
-2967
-875
1524
3890
6103
8057
9506
10553
11138
11290
10999
10382
9678
8876
7855
6600
5126
3337
1287
-769
-2914
-5019
-6864
-8271
-9113
-9559
-9874
-10004
-9824
-9517
-9106
-8475
-7708
-6890
-5824
-4360
-2418
-300
2103
4496
6705
8657
10063
10961
11445
11462
11025
10450
9730
8800
7636
6303
4790
2956
832
-1356
-3466
-5476
-7269
-8602
-9442
-9845
-10047
-10090
-9952
-9598
-9144
-8563
-7795
-6877
-5674
-4172
-2293
-8
2533
5001
7114
8953
10332
11115
11469
11461
11009
10356
9550
8561
7488
6077
4392
2490
403
-1716
-3918
-5932
-7592
-8816
-9543
-9811
-9908
-9843
-9625
-9288
-8828
-8231
-7571
-6675
-5404
-3761
-1691
756
3340
5731
7750
9433
10656
11357
11573
11437
10914
10191
9330
8285
7118
5703
3932
1849
-305
-2494
-4664
-6610
-8167
-9300
-9917
-10118
-10143
-10038
-9782
-9372
-8841
-8101
-7281
-6245
-4891
-3173
-915
1542
4144
6497
8384
9927
11034
11645
11774
11462
10819
10073
9214
8179
6846
5201
3355
1324
-826
-3049
-5213
-7146
-8597
-9536
-10009
-10154
-10194
-10106
-9728
-9278
-8750
-7995
-7214
-6132
-4632
-2685
-329
2228
4721
6972
8911
10290
11219
11678
11629
11157
10539
9827
8897
7752
6359
4725
2844
753
-1442
-3658
-5811
-7619
-8885
-9676
-10003
-10155
-10195
-9908
-9411
-8987
-8373
-7526
-6630
-5454
-3822
-1824
415
2856
5319
7495
9270
10622
11407
11620
11461
11069
10373
9518
8543
7312
5898
4155
2206
23
-2221
-4392
-6382
-8011
-9104
-9735
-10072
-10175
-10080
-9879
-9462
-8931
-8284
-7453
-6425
-5052
-3368
-1213
1261
3742
6145
8204
9833
10960
11628
11805
11557
10943
10218
9347
8222
7025
5487
3669
1562
-598
-2837
-5061
-6949
-8488
-9461
-9969
-10209
-10240
-10106
-9858
-9399
-8880
-8164
-7246
-6243
-4857
-3042
-812
1696
4332
6689
8679
10243
11277
11802
11890
11531
10864
10124
9152
7936
6606
5022
3118
1002
-1185
-3428
-5598
-7451
-8819
-9661
-10028
-10202
-10171
-10020
-9720
-9195
-8616
-7916
-7082
-5897
-4356
-2456
-103
2424
4990
7231
9085
10547
11428
11841
11801
11357
10752
9975
8934
7734
6354
4653
2579
389
-1817
-4031
-6087
-7736
-8942
-9681
-9967
-10039
-10022
-9849
-9501
-9033
-8462
-7763
-6845
-5560
-3878
-1832
540
3148
5544
7648
9463
10705
11466
11688
11530
11085
10397
9651
8677
7401
5888
4133
2131
-56
-2328
-4578
-6597
-8197
-9265
-9827
-10026
-10087
-10016
-9726
-9298
-8767
-8206
-7485
-6472
-5096
-3427
-1370
1053
3617
6054
8107
9656
10812
11436
11617
11452
10897
10161
9299
8247
7036
5590
3730
1683
-482
-2718
-4931
-6899
-8376
-9427
-9965
-10059
-10067
-9980
-9722
-9303
-8781
-8071
-7249
-6309
-4856
-3000
-853
1532
4082
6420
8349
9887
11017
11617
11648
11325
10796
10093
9154
8089
6801
5303
3423
1348
-781
-3020
-5244
-7191
-8587
-9447
-9888
-10092
-10171
-9959
-9606
-9181
-8567
-7832
-7060
-6061
-4633
-2735
-481
2048
4633
6877
8777
10243
11173
11591
11606
11181
10559
9858
8984
7874
6590
4953
2977
890
-1291
-3557
-5730
-7547
-8820
-9614
-9961
-10079
-10102
-9913
-9591
-9091
-8476
-7792
-6990
-5874
-4349
-2350
-48
2548
5151
7337
9114
10531
11418
11741
11580
11117
10465
9632
8681
7566
6270
4588
2585
409
-1798
-3989
-6117
-7860
-9014
-9776
-10114
-10199
-10106
-9799
-9462
-8989
-8347
-7650
-6794
-5595
-3883
-1828
628
3248
5696
7924
9588
10741
11519
11769
11479
10923
10264
9449
8500
7324
5857
4132
2109
-54
-2289
-4529
-6643
-8234
-9260
-9801
-9998
-10138
-10012
-9668
-9285
-8775
-8102
-7430
-6531
-5231
-3390
-1182
1230
3867
6294
8354
10021
11077
11547
11689
11377
10773
10094
9256
8192
6892
5398
3638
1557
-696
-2949
-5110
-7053
-8537
-9476
-9904
-10030
-10101
-10006
-9662
-9248
-8701
-7997
-7184
-6055
-4703
-2929
-610
1954
4501
6750
8672
10188
11188
11592
11576
11154
10484
9719
8845
7831
6581
4949
3045
992
-1124
-3428
-5614
-7416
-8790
-9590
-9924
-9978
-9901
-9776
-9519
-9056
-8440
-7715
-6802
-5601
-4064
-2198
109
2644
5091
7258
9019
10369
11194
11500
11444
10938
10251
9448
8500
7378
5992
4315
2314
250
-1885
-4066
-6139
-7859
-9020
-9722
-10056
-10136
-10058
-9794
-9413
-8860
-8128
-7326
-6337
-5067
-3441
-1410
926
3360
5687
7732
9404
10718
11443
11606
11396
10852
10143
9264
8299
7094
5613
3840
1866
-148
-2356
-4563
-6515
-8092
-9087
-9699
-9995
-10057
-9995
-9679
-9166
-8553
-7884
-7232
-6238
-4754
-2959
-916
1507
4040
6277
8226
9813
10946
11458
11419
11094
10587
9834
8871
7738
6426
4975
3174
1172
-962
-3227
-5375
-7174
-8447
-9300
-9820
-10077
-10060
-9797
-9479
-9037
-8466
-7706
-6836
-5782
-4294
-2348
-132
2334
4890
7123
8952
10238
11199
11665
11558
11084
10472
9698
8706
7521
6158
4493
2564
433
-1780
-3965
-6029
-7763
-8900
-9520
-9875
-10093
-10008
-9760
-9442
-8900
-8250
-7515
-6633
-5361
-3737
-1725
728
3249
5577
7720
9428
10610
11268
11531
11306
10680
10040
9244
8263
7064
5610
3864
1917
-193
-2435
-4614
-6631
-8185
-9197
-9716
-9895
-10018
-9925
-9592
-9166
-8658
-7947
-7105
-6062
-4679
-2942
-834
1497
3990
6290
8220
9770
10890
11423
11476
11160
10612
9910
9007
7919
6591
5050
3184
1181
-902
-3154
-5298
-7125
-8537
-9362
-9816
-10017
-9994
-9786
-9456
-8964
-8315
-7569
-6837
-5826
-4309
-2381
-116
2289
4808
7074
8854
10203
11166
11581
11420
10935
10296
9572
8564
7370
6030
4452
2565
501
-1624
-3748
-5818
-7611
-8827
-9527
-9873
-10057
-9965
-9648
-9225
-8756
-8163
-7387
-6521
-5337
-3738
-1762
539
2960
5398
7613
9305
10473
11182
11427
11257
10675
9945
9121
8160
6985
5579
3903
1890
-245
-2420
-4556
-6446
-8068
-9168
-9682
-9906
-9937
-9807
-9491
-9060
-8538
-7847
-7019
-5975
-4537
-2788
-814
1473
3960
6276
