7044
7857
8282
8503
8479
8055
7408
6685
5878
4856
3684
2415
1064
-419
-2027
-3515
-4711
-5721
-6505
-6900
-7030
-6983
-6768
-6444
-5979
-5459
-4914
-4167
-3151
-1961
-652
789
2373
4029
5470
6642
7665
8257
8442
8436
8209
7653
6887
5972
4998
4000
2816
1369
-150
-1655
-3187
-4579
-5763
-6642
-7235
-7557
-7545
-7341
-7048
-6737
-6272
-5697
-4992
-4161
-3163
-1884
-406
1148
2816
4478
5895
7007
7826
8418
8621
8412
7958
7347
6565
5637
4610
3473
2116
646
-855
-2391
-3922
-5303
-6404
-7103
-7467
-7629
-7634
-7431
-7043
-6648
-6188
-5566
-4831
-3910
-2750
-1333
251
1860
3527
5087
6414
7436
8153
8512
8554
8303
7776
7125
6336
5404
4232
3000
1584
53
-1477
-3121
-4543
-5757
-6665
-7179
-7472
-7562
-7412
-7185
-6832
-6324
-5799
-5212
-4417
-3383
-2140
-675
963
2559
4148
5625
6910
7831
8362
8536
8488
8164
7514
6791
5929
4931
3789
2469
1005
-544
-2146
-3747
-5105
-6205
-6982
-7441
-7633
-7627
-7490
-7197
-6773
-6222
-5660
-4990
-4113
-3013
-1680
-192
1488
3168
4734
6090
7227
8034
8488
8649
8446
7974
7364
6581
5667
4657
3443
2063
580
-908
-2451
-4035
-5380
-6372
-7028
-7440
-7590
-7506
-7339
-7016
-6604
-6078
-5438
-4715
-3807
-2641
-1208
322
1949
3609
5139
6454
7440
8104
8463
8516
8271
7691
7034
6245
5277
4142
2934
1554
42
-1512
-3048
-4458
-5725
-6657
-7249
-7548
-7638
-7464
-7100
-6741
-6311
-5809
-5134
-4356
-3377
-2151
-734
884
2528
4171
5630
6884
7764
8199
8426
8408
8020
7405
6706
5899
4925
3675
2385
981
-549
-2121
-3675
-5026
-6113
-6902
-7345
-7512
-7554
-7405
-7087
-6651
-6161
-5689
-5044
-4100
-2982
-1709
-258
1387
3102
4680
6018
7160
7967
8445
8582
8414
7988
7307
6555
5670
4643
3448
2086
604
-926
-2485
-4004
-5270
-6273
-6996
-7421
-7582
-7492
-7271
-6912
-6495
-6017
-5437
-4756
-3830
-2688
-1296
221
1888
3585
5097
6381
7421
8078
8407
8473
8215
7708
7033
6237
5324
4218
2928
1517
0
-1517
-3036
-4522
-5790
-6674
-7236
-7523
-7588
-7498
-7229
-6870
-6447
-5898
-5305
-4522
-3483
-2193
-741
836
2491
4224
5730
6919
7821
8407
8669
8592
8239
7635
6931
6065
5060
3925
2593
1142
-406
-1995
-3519
-4917
-6046
-6870
-7408
-7690
-7672
-7505
-7241
-6841
-6328
-5736
-5055
-4213
-3166
-1857
-340
1290
2951
4552
5991
7138
7951
8501
8668
8483
8029
7449
6666
5764
4690
3440
2115
705
-878
-2497
-4038
-5394
-6428
-7114
-7521
-7694
-7652
-7484
-7103
-6673
-6194
-5627
-4911
-3877
-2679
-1333
245
1997
3670
5183
6534
7569
8238
8555
8615
8459
7940
7227
6420
5495
4424
3133
1638
90
-1459
-3067
-4531
-5740
-6707
-7329
-7629
-7658
-7580
-7384
-6989
-6558
-6080
-5398
-4591
-3599
-2361
-903
735
2421
4078
5548
6797
7772
8364
8657
8602
8298
7730
7013
6241
5237
4023
2708
1256
-322
-1900
-3425
-4919
-6104
-6881
-7377
-7580
-7615
-7502
-7250
-6844
-6282
-5696
-5128
-4315
-3222
-1949
-430
1214
2863
4471
5946
7100
7943
8487
8630
8451
8051
7478
6772
5875
4770
3556
2218
801
-748
-2384
-3903
-5248
-6335
-7023
-7400
-7591
-7591
-7387
-7034
-6628
-6114
-5516
-4847
-3962
-2809
-1483
11
1607
3203
4787
6156
7250
7997
8343
8482
8332
7842
7184
6431
5505
4434
3245
1894
371
-1148
-2695
-4148
-5373
-6401
-7076
-7376
-7465
-7405
-7160
-6814
-6359
-5887
-5319
-4560
-3586
-2432
-1082
413
2008
3622
5134
6383
7346
7979
8248
8301
8081
7561
6909
6120
5164
4106
2905
1525
60
-1470
-3000
-4410
-5611
-6501
-7064
-7344
-7373
-7249
-7022
-6675
-6256
-5814
-5217
-4410
-3437
-2241
-806
766
2373
3998
5426
6621
7464
7996
8318
8307
7942
7351
6704
5927
4954
3885
2605
1165
-353
-1912
-3382
-4733
-5868
-6717
-7128
-7291
-7398
-7314
-7040
-6627
-6137
-5563
-4947
-4159
-3143
-1865
-442
1153
2815
4362
5779
6949
7762
8252
8408
8271
7888
7285
6550
5665
4613
3454
2205
795
-675
-2187
-3722
-5049
-6048
-6801
-7267
-7446
-7452
-7225
-6914
-6550
-6119
-5521
-4781
-3956
-2868
-1523
-24
1572
3221
4792
6084
7135
7834
8229
8395
8169
7601
6998
6287
5371
4296
3071
1804
358
-1165
-2676
-4129
-5389
-6285
-6895
-7266
-7348
-7325
-7122
-6739
-6303
-5825
-5228
-4403
-3400
-2288
-956
556
2104
3680
5186
6387
7307
7988
8281
8341
8120
7528
6835
6052
5072
3950
2742
1362
-113
-1643
-3113
-4481
-5670
-6536
-7056
-7337
-7403
-7266
-7001
-6685
-6268
-5694
-4977
-4206
-3226
-2013
-603
985
2581
4116
5502
6643
7474
7999
8221
8161
7754
7140
6542
5754
4786
3621
2318
945
-561
-2109
-3603
-4881
-5963
-6734
-7127
-7235
-7253
-7169
-6822
-6440
-5968
-5437
-4732
-3872
-2832
-1488
-11
1589
3190
4696
5992
7032
7809
8185
8281
8138
7627
7000
6313
5454
4366
3129
1822
388
-1104
-2592
-4050
-5364
-6326
-6941
-7252
-7389
-7395
-7227
-6887
-6391
-5865
-5352
-4611
-3650
-2568
-1254
334
1972
3513
5030
6338
7329
7992
8327
8309
8058
7580
6905
6134
5143
4068
2879
1541
119
-1469
-3028
-4403
-5561
-6439
-6947
-7300
-7419
-7287
-7013
-6624
-6165
-5699
-5083
-4235
-3273
-2049
-639
908
2544
4116
5585
6774
7580
8135
8356
8249
7867
7323
6631
5788
4790
3637
2389
1040
-435
-2007
-3566
-4933
-6033
-6803
-7245
-7419
-7479
-7359
-7031
-6642
-6176
-5639
-4958
-4092
-2992
-1643
-185
1398
3052
4600
5985
7120
7879
8303
8440
8279
7800
7167
6480
5583
4509
3362
2072
621
-901
-2425
-3900
-5201
-6223
-6952
-7381
-7542
-7513
-7321
-6963
-6623
-6151
-5495
-4706
-3805
-2705
-1325
251
1875
3500
5035
6330
7387
8068
8439
8552
8247
7674
7034
6270
5321
4222
2980
1666
245
-1332
-2884
-4282
-5470
-6431
-7023
-7334
-7465
-7417
-7196
-6855
-6438
-5906
-5285
-4521
-3571
-2412
-998
609
2264
3905
5387
6647
7584
8182
8546
8534
8134
7584
6928
6073
5076
3953
2712
1254
-251
-1833
-3399
-4735
-5883
-6772
-7262
-7465
-7560
-7489
-7196
-6784
-6307
-5793
-5154
-4353
-3308
-2054
-501
1182
2867
4467
5894
7076
7961
8468
8606
8505
8086
7471
6812
5946
4842
3649
2323
830
-716
-2317
-3941
-5255
-6287
-7033
-7451
-7625
-7649
-7488
-7183
-6753
-6282
-5738
-4974
-4073
-2926
-1600
11
1714
3391
4979
6316
7425
8143
8554
8638
8406
7982
7313
6548
5623
4531
3259
1827
340
-1229
-2806
-4244
-5455
-6458
-7144
-7497
-7676
-7651
-7460
-7114
-6684
-6134
-5538
-4767
-3819
-2637
-1182
442
2196
3849
5376
6725
7757
8412
8734
8770
8489
7923
7230
6419
5399
4224
2924
1498
-66
-1647
-3232
-4658
-5798
-6711
-7337
-7682
-7783
-7664
-7480
-7164
-6734
-6185
-5559
-4711
-3632
-2332
-853
793
2558
4324
5821
6995
7913
8552
8850
8795
8407
7846
7118
6189
5163
4013
2629
1103
-471
-2039
-3613
-5015
-6087
-6861
-7391
-7701
-7778
-7630
-7398
-7088
-6599
-6009
-5329
-4483
-3350
-1913
-352
1317
3088
4798
6209
7330
8182
8731
8945
8779
8296
7730
7001
6042
4940
3706
2294
703
-887
-2425
-3933
-5309
-6358
-7055
-7531
-7786
-7839
-7667
-7375
-7065
-6666
-6029
-5200
-4242
-3062
-1650
-24
1752
3503
5158
6546
7594
8356
8809
8969
8714
8183
7540
6784
5849
4718
3413
1917
316
-1275
-2882
-4341
-5580
-6646
-7306
-7634
-7800
-7800
-7658
-7359
-7013
-6561
-5858
-5007
-4018
-2714
-1167
578
2399
4073
5627
6977
8020
8684
8993
9035
8703
8101
7399
6602
5559
4297
2971
1488
-89
-1738
-3357
-4845
-6046
-6891
-7438
-7832
-7980
-7932
-7730
-7361
-6885
-6373
-5779
-4897
-3730
-2392
-804
922
2707
4432
5973
7259
8228
8817
9044
8978
8578
7983
7257
6377
5347
4087
2653
1136
-452
-2124
-3748
-5152
-6288
-7103
-7601
-7880
-7969
-7851
-7559
-7208
-6802
-6332
-5666
-4744
-3559
-2137
-482
1368
3207
4927
6421
7593
8468
9003
9235
9080
8599
7962
7171
6266
5128
3819
2320
696
-947
-2612
-4147
-5520
-6622
-7312
-7728
-7978
-8032
-7913
-7679
-7322
-6882
-6275
-5550
-4567
-3247
-1701
42
1969
3848
5532
7042
8195
8967
9337
9384
9171
8599
7904
7095
6048
4805
3432
1861
255
-1486
-3199
-4757
-6035
-6903
-7533
-8009
-8229
-8216
-8014
-7670
-7271
-6825
-6177
-5320
-4227
-2841
-1218
648
2574
4387
6098
7532
8524
9214
9547
9464
9054
8481
7732
6769
5604
4308
2852
1290
-393
-2146
-3845
-5289
-6443
-7322
-7873
-8282
-8426
-8295
-8045
-7676
-7255
-6697
-5912
-4926
-3690
-2169
-511
1432
3410
5157
6790
8086
8894
9440
9724
9511
8958
8328
7544
6487
5287
3926
2329
689
-1004
-2756
-4348
-5738
-6877
-7656
-8078
-8291
-8422
-8309
-7941
-7582
-7173
-6478
-5659
-4644
-3278
-1633
238
2161
4062
5807
7256
8402
9168
9547
9618
9298
8733
8032
7159
6097
4833
3372
1770
65
-1680
-3367
-4922
-6196
-7147
-7776
-8138
-8328
-8315
-8091
-7806
-7426
-6920
-6185
-5276
-4125
-2664
-997
866
2842
4646
6255
7655
8617
9281
9561
9525
9092
8498
7768
6840
5713
4343
2818
1187
-480
-2242
-3927
-5364
-6527
-7340
-7838
-8182
-8318
-8239
-8108
-7717
-7219
-6668
-5903
-4888
-3565
-2070
-374
1483
3423
5167
6685
7911
8825
9365
9477
9294
8878
8261
7378
6393
5260
3885
2307
623
-1091
-2768
-4358
-5763
-6795
-7542
-8046
-8266
-8337
-8159
-7957
-7560
-6955
-6292
-5467
-4447
-3118
-1530
231
2110
4007
5697
7114
8263
9035
9503
9592
9259
8661
7978
7124
6040
4795
3336
1701
60
-1601
-3254
-4819
-6158
-7106
-7699
-8084
-8319
-8350
-8177
-7870
-7418
-6820
-6068
-5221
-4113
-2720
-1049
776
2631
4480
6110
7446
8467
9171
9557
9468
9023
8467
7762
6814
5635
4336
2897
1339
-325
-2043
-3702
-5200
-6415
-7244
-7754
-8144
-8346
-8239
-7950
-7534
-7102
-6586
-5894
-4938
-3690
-2185
-516
1297
3204
4956
6562
7889
8746
9244
9416
9340
8906
8260
7496
6472
5329
3991
2446
841
-906
-2653
-4280
-5666
-6702
-7430
-7839
-8099
-8205
-8074
-7831
-7506
-7061
-6518
-5736
-4659
-3326
-1799
-60
1830
3706
5494
6971
8060
8765
9215
9362
9132
8599
7984
7185
6149
5001
3622
2048
379
-1349
-3047
-4598
-5870
-6823
-7462
-7811
-8005
-8094
-7965
-7674
-7308
-6870
-6213
-5337
-4312
-2964
-1325
503
2432
4247
5851
7211
8276
8980
9294
9312
8980
8430
7736
6885
5814
4524
3111
1537
-136
-1863
-3543
-5021
-6228
-7044
-7589
-7943
-8126
-8154
-7971
-7657
-7303
-6777
-6115
-5227
-4080
-2626
-929
916
2856
4660
6274
7575
8519
9111
9394
9305
8886
8331
7662
6776
5611
4292
2850
1230
-455
-2164
-3842
-5279
-6414
-7194
-7673
-8003
-8152
-8050
-7820
-7495
-7051
-6520
-5841
-4912
-3677
-2211
-466
1424
3310
5093
6624
7830
8704
9160
9326
9154
8628
8066
7322
6312
5152
3894
2345
727
-952
-2718
-4343
-5754
-6765
-7457
-7894
-8094
-8124
-8005
-7744
-7396
-7012
-6397
-5647
-4590
-3244
-1683
100
2026
3946
5659
7035
8152
9008
9437
9515
9254
8711
8021
7199
6142
4908
3503
1907
225
-1470
-3160
-4801
-6130
-7026
-7587
-7953
-8154
-8166
-8047
-7795
-7393
-6967
-6412
-5621
-4534
-3100
-1358
495
2462
4446
6175
7504
8495
9179
9493
9451
9110
8595
7852
6984
5915
4640
3194
1528
-183
-1948
-3630
-5147
-6398
-7171
-7690
-7985
-8150
-8192
-8045
-7744
-7349
-6923
-6302
-5376
-4242
-2738
-855
1098
3010
4886
6616
7925
8816
9465
9736
9553
9129
8561
7811
6844
5705
4289
2749
1138
-649
-2455
-4077
-5522
-6684
-7392
-7823
-8159
-8317
-8194
-7975
-7715
-7314
-6847
-6151
-5136
-3837
-2272
-442
1577
3554
5343
6936
8197
9024
9520
9643
9419
9012
8410
7567
6580
5364
3919
2343
643
-1151
-2951
-4591
-5953
-6909
-7582
-8007
-8284
-8408
-8267
-7989
-7689
-7233
-6691
-5919
-4773
-3334
-1734
107
2118
4135
5929
7375
8477
9239
9639
9693
9433
8944
8294
7397
6329
5073
3610
1922
147
-1605
-3380
-4954
-6198
-7090
-7673
-8098
-8310
-8317
-8169
-7926
-7591
-7119
-6516
-5696
-4523
-3049
-1386
490
2506
4440
6103
7413
8426
9193
9535
9517
9222
8678
7982
7092
6048
4763
3237
1545
-195
-1922
-3643
-5205
-6402
-7193
-7705
-7989
-8129
-8104
-7928
-7662
-7333
-6861
-6219
-5322
-4155
-2652
-884
1060
3019
4886
6501
7704
8609
9264
9523
9340
8940
8439
7755
6818
5692
4402
2823
1102
-654
-2411
-4073
-5485
-6599
-7329
-7724
-8042
-8165
-8036
-7848
-7624
-7212
-6646
-5962
-5049
-3830
-2322
-524
1420
3340
5137
6656
7829
8683
9278
9460
9242
8777
8211
7522
6591
5419
4065
2479
777
-960
-2632
-4281
-5689
-6755
-7385
-7745
-8004
-8110
-8033
-7780
-7492
-7114
-6525
-5807
-4806
-3469
-1867
-53
1849
3746
5488
6947
8043
8802
9268
9380
9162
8708
8079
7319
6242
5011
3621
2019
353
-1425
-3138
-4682
-5911
-6806
-7425
-7795
-8029
-8148
-8059
-7718
-7353
-6941
-6322
-5533
-4439
-3008
-1419
359
2284
4150
5828
7165
8213
8936
9278
9296
9054
8589
7929
7057
6003
4750
3325
1713
-11
-1771
-3408
-4932
-6127
-6974
-7504
-7811
-7970
-7986
-7845
-7574
-7245
-6786
-6157
-5273
-4126
-2701
-1012
800
2707
4519
6097
7338
8244
8891
9209
9150
8797
8321
7615
6720
5701
4396
2918
1265
-430
-2154
-3789
-5208
-6378
-7066
-7536
-7860
-7942
-7890
-7666
-7366
-6983
-6483
-5848
-4954
-3747
-2295
-600
1265
3147
4936
6430
7572
8460
9001
9195
9064
8652
8099
7335
6464
5353
4034
2529
876
-777
-2446
-4052
-5481
-6541
-7217
-7588
-7846
-7965
-7823
-7576
-7300
-6912
-6359
-5645
-4727
-3522
-2017
-247
1559
3369
5081
6510
7645
8403
8880
9015
8744
8327
7798
7081
6151
4993
3681
2247
636
-1035
-2722
-4286
-5603
-6538
-7096
-7497
-7732
-7755
-7560
-7296
-6984
-6626
-6061
-5286
-4304
-3010
-1499
211
1994
3728
5386
6749
7773
8453
8823
8899
8641
8171
7601
6830
5860
4673
3327
1822
188
-1463
-3110
-4574
-5820
-6678
-7183
-7483
-7677
-7724
-7541
-7265
-6935
-6541
-5948
-5054
-3956
-2645
-1064
688
2463
4173
5706
6970
7863
8452
8775
8739
8481
8022
7394
6605
5619
4413
3026
1463
-177
-1869
-3484
-4882
-6005
-6734
-7227
-7532
-7609
-7586
-7427
-7162
-6810
-6340
-5776
-4912
-3772
-2374
-764
969
2809
4477
5882
7096
7925
8471
8724
8571
8230
7742
7132
6309
5293
4083
2632
1063
-517
-2191
-3800
-5163
-6145
-6791
-7237
-7473
-7560
-7513
-7338
-7059
-6678
-6178
-5514
-4617
-3424
-1962
-334
1380
3166
4799
6178
7270
8052
8463
8604
8481
8135
7629
6907
6061
5045
3788
2343
792
-875
-2543
-4040
-5261
-6195
-6829
-7235
-7475
-7504
-7469
-7287
-6952
-6553
-5990
-5226
-4268
-3083
-1626
76
1855
3541
5102
6393
7385
8107
8530
8647
8448
8008
7474
6792
5841
4731
3394
1925
399
-1227
-2813
-4327
-5565
-6417
-6969
-7256
-7438
-7485
-7338
-7096
-6773
-6385
-5858
-5095
-4090
-2776
-1238
411
2113
3792
5300
6551
7478
8041
8375
8458
8223
7801
7202
6457
5564
4449
3134
1672
47
-1602
-3180
-4607
-5727
-6537
-7054
-7342
-7429
-7347
-7207
-6907
-6561
-6139
-5516
-4724
-3673
-2354
-816
846
2617
4301
5745
6811
7615
8173
8384
8326
7991
7504
6923
6167
5227
4066
2722
1203
-370
-1954
-3503
-4893
-6001
-6688
-7123
-7404
-7445
-7334
-7175
-6876
-6435
-5942
-5355
-4523
-3408
-2047
-493
1185
2868
4429
5865
6933
7678
8153
8335
8200
7849
7344
6705
5942
4951
3818
2487
1008
-510
-2106
-3630
-4973
-5987
-6621
-7072
-7296
-7307
-7172
-6914
-6603
-6181
-5664
-5026
-4106
-2979
-1630
-112
1531
3226
4715
5999
6996
7624
8079
8220
8045
7657
7158
6509
5664
4720
3570
2193
698
-862
-2409
-3882
-5171
-6139
-6743
-7089
-7277
-7288
-7147
-6837
-6502
-6069
-5523
-4830
-3939
-2785
-1442
76
1718
3341
4801
6073
7029
7644
8048
8125
7937
7492
6958
6279
5417
4426
3242
1888
357
-1125
-2673
-4179
-5363
-6201
-6810
-7174
-7255
-7185
-6980
-6682
-6294
-5867
-5334
-4566
-3668
-2549
-1172
381
2051
3675
5099
6271
7138
7742
8052
8047
7778
7324
6750
6117
5303
4242
2983
1588
112
-1400
-2947
-4347
-5567
-6445
-6856
-7101
-7190
-7143
-6984
-6638
-6187
-5666
-5104
-4423
-3527
-2296
-838
721
2343
3919
5302
6410
7235
7827
8125
8008
7692
7293
6731
5999
5091
4024
2800
1406
-94
-1687
-3204
-4570
-5706
-6415
-6825
-7087
-7151
-7017
-6782
-6478
-6126
-5663
-5067
-4323
-3321
-2056
-591
978
2577
4088
5470
6566
7292
7755
8029
7971
7579
7116
6566
5781
4855
3830
2576
1171
-346
-1973
-3408
-4679
-5774
-6523
-6898
-7050
-7103
-7003
-6745
-6394
-5979
-5475
-4832
-4034
-3057
-1833
-416
1189
2782
4257
5568
6586
7272
7710
7897
7764
7371
6897
6312
5505
4587
3510
2228
849
-614
-2170
-3603
-4861
-5820
-6494
-6885
-6990
-6997
-6821
-6541
-6213
-5773
-5264
-4673
-3878
-2790
-1480
-52
1467
3030
4446
5644
6591
7252
7621
7744
7575
7218
6749
6124
5299
4416
3374
2058
609
-872
-2362
-3806
-4994
-5882
-6509
-6859
-7011
-6981
-6725
-6374
-6058
-5642
-5064
-4421
-3602
-2538
-1182
252
1725
3274
4672
5835
6748
7368
7736
7824
7600
7168
6659
6039
5186
4209
3087
1753
321
-1122
-2560
-3964
-5162
-6034
-6577
-6875
-7027
-6946
-6787
-6524
-6121
-5688
-5092
-4326
-3479
-2350
-947
591
2070
3542
4927
6044
6903
7471
7786
7792
7534
7125
6605
5898
5062
4010
2823
1584
169
-1339
-2835
-4226
-5325
-6154
-6593
-6880
-7055
-6937
-6692
-6387
-6036
-5564
-4991
-4255
-3302
-2167
-865
631
2185
3664
5026
6112
6849
7335
7673
7679
7335
6966
6429
5633
4809
3875
2635
1291
-94
-1594
-3067
-4353
-5381
-6158
-6567
-6743
-6859
-6777
-6543
-6210
-5825
-5335
-4744
-3996
-3015
-1788
-456
994
2518
3903
5095
6176
6877
7321
7576
7542
7243
6829
6303
5572
4697
3639
2424
1068
-374
-1864
-3306
-4580
-5561
-6233
-6577
-6724
-6764
-6647
-6402
-6110
-5759
-5292
-4644
-3884
-2908
-1700
-339
1138
2640
4071
5297
6278
6909
7347
7534
7458
7096
6675
6225
5472
4543
3533
2348
981
-456
-1950
-3352
-4520
-5519
-6173
-6547
-6663
-6685
-6580
-6347
-6037
-5664
-5185
-4537
-3772
-2785
-1570
-164
1343
2821
4152
5273
6159
6825
7241
7374
7270
6926
6516
5968
5221
4355
3282
2043
724
-677
-2142
-3508
-4711
-5593
-6182
-6532
-6696
-6684
-6504
-6217
-5919
-5517
-5026
-4414
-3561
-2533
-1314
81
1600
3071
4401
5546
6445
6981
7321
7448
7302
6975
6490
5837
5072
4185
3094
1803
468
-898
-2363
-3742
-4874
-5725
-6344
-6694
-6870
-6823
-6607
-6314
-5929
-5452
-4978
-4354
-3467
-2322
-1062
268
1814
3326
4674
5811
6646
7229
7544
7627
7399
7014
6518
5811
4942
4033
2959
1616
227
-1254
-2730
-4062
-5152
-5957
-6513
-6745
-6839
-6802
-6586
-6318
-5962
-5484
-4936
-4183
-3302
-2147
-781
677
2222
3651
4959
6034
6862
7364
7605
7617
7349
6936
6410
5744
4899
3860
2663
1309
-88
-1583
-3090
-4358
-5379
-6151
-6608
-6830
-6889
-6872
-6656
-6306
-5909
-5401
-4799
-4028
-3092
-1894
-526
953
2456
3889
5158
6171
6978
7471
7699
7669
7337
6893
6378
5625
4688
3646
2371
1013
-415
-1891
-3331
-4602
-5551
-6225
-6612
-6852
-6951
-6865
-6561
-6162
-5759
-5337
-4705
-3856
-2848
-1640
-252
1184
2649
4132
5417
6431
7093
7488
7646
7628
7341
6856
6264
5472
4559
3479
2270
921
-545
-2077
-3509
-4695
-5669
-6386
-6791
-6961
-6938
-6763
-6494
-6100
-5719
-5261
-4587
-3794
-2749
-1539
-147
1363
2879
4283
5499
6481
7152
7551
7698
7582
7265
6782
6143
5362
4462
3345
2058
635
-864
-2376
-3763
-4952
-5852
-6406
-6764
-6905
-6901
-6754
-6454
-6043
-5637
-5190
-4508
-3702
-2685
-1366
105
1631
3138
4522
5764
6689
7308
7690
7692
7479
7204
6773
6079
5295
4383
3264
1997
572
-1019
-2564
-3931
-5133
-5918
-6449
-6849
-7003
-6957
-6651
-6350
-6067
-5614
-5101
-4382
-3527
-2377
-1103
301
1841
3327
4714
5800
6674
7294
7642
7690
7525
7177
6635
5933
5119
4162
2987
1624
177
-1334
-2840
-4199
-5256
-6018
-6528
-6876
-6952
-6816
-6605
-6286
-5943
-5548
-4975
-4273
-3345
-2162
-851
597
2086
3630
5020
6083
6811
7374
7646
7652
7421
7021
6542
5820
4950
4005
2833
1443
-47
-1527
-2935
-4278
-5391
-6156
-6563
-6818
-6900
-6790
-6529
-6233
-5825
-5329
-4772
-4026
-3145
-2019
-639
817
2274
3731
5035
6083
6811
7275
7524
7524
7223
6791
6317
5583
4735
3723
2560
1227
-225
-1683
-3095
-4351
-5459
-6203
-6599
-6807
-6872
-6696
-6382
-6079
-5711
-5261
-4681
-3897
-2972
-1869
-546
962
2391
3798
5133
6137
6790
7253
7491
7473
7182
6726
6204
5522
4709
3700
2470
1135
-297
-1805
-3260
-4448
-5494
-6232
-6618
-6785
-6767
-6618
-6316
-6002
-5567
-5110
-4528
-3768
-2817
-1706
-410
1041
2479
3852
5090
6100
6778
7164
7410
7350
7053
6619
6096
5407
4520
3480
2307
1005
-435
-1874
-3266
-4517
-5475
-6159
-6516
-6659
-6696
-6529
-6250
-5844
-5393
-4947
-4310
-3542
-2549
-1376
-155
1250
2691
4020
5234
6182
6837
7183
7303
7267
6988
6524
5946
5184
4271
3289
2068
685
-691
-2140
-3481
-4667
-5597
-6181
-6520
-6647
-6636
-6492
-6182
-5862
-5468
-4949
-4306
-3465
-2493
-1288
66
1384
2744
4092
5297
6210
6724
7124
7351
7267
6867
6421
5848
5078
4195
3175
1969
597
-860
-2286
-3552
-4698
-5607
-6239
-6520
-6617
-6599
-6389
-6079
-5708
-5358
-4814
-4104
-3333
-2396
-1254
66
1422
2838
4158
5276
6161
6771
7153
7274
7100
6717
6257
5631
4944
4035
2983
1805
431
-939
-2331
-3683
-4825
-5682
-6159
-6380
-6477
-6387
-6191
-5904
-5533
-5102
-4630
-3967
-3176
-2189
-981
329
1711
3082
4315
5350
6206
6727
7021
7134
6906
6561
6124
5532
4735
3855
2868
1689
311
-1126
-2461
-3737
-4827
-5665
-6151
-6420
-6529
-6416
-6145
-5763
-5410
-4966
-4452
-3757
-2930
-1935
-761
474
1822
3164
4447
5490
6162
6671
6995
7013
6816
6445
5917
5306
4545
3610
2591
1457
126
-1295
-2621
-3880
-4936
-5727
-6153
-6370
-6455
-6370
-6077
-5658
-5287
-4855
-4344
-3630
-2796
-1776
-546
708
2058
3397
4604
5528
6243
6704
6861
6879
6749
6340
5787
5146
4353
3482
2408
1196
-168
-1573
-2871
-4036
-4973
-5682
-6102
-6332
-6350
-6163
-5899
-5544
-5190
-4735
-4152
-3443
-2584
-1587
-390
902
2218
3540
4664
5597
6222
6594
6840
6823
6547
6126
5567
4912
4155
3228
2141
908
-379
-1756
-3012
-4138
-5137
-5799
-6153
-6243
-6238
-6125
-5830
-5468
-5035
-4536
-3983
-3279
-2353
-1282
-90
1240
2546
3786
4869
5754
6350
6680
6826
6725
6441
6008
5478
4757
3937
3035
1921
620
-668
-2011
-3288
-4378
-5222
-5806
-6131
-6295
-6283
-6109
-5740
-5318
-4911
-4458
-3825
-3049
-2151
-1018
163
1489
2803
4031
5038
5881
6480
6750
6798
6679
6372
5895
5330
4581
3696
2688
1597
356
-988
-2352
-3660
-4642
-5342
-5844
-6165
-6279
-6236
-6079
-5687
-5284
-4862
-4368
-3728
-2884
-1906
-736
525
1804
3108
4326
5309
6053
6548
6796
6825
6656
6331
5795
5137
4388
3502
2505
1297
48
-1316
-2644
-3839
-4848
-5548
-6008
-6220
-6286
-6147
-5900
-5628
-5255
-4808
-4246
-3564
-2706
-1673
-502
779
2103
3383
4543
5485
6157
6641
6804
6810
6622
6157
5603
4956
4237
3275
2188
997
-296
-1589
-2889
-4038
-4975
-5664
-6124
-6306
-6270
-6119
-5853
-5490
-5054
-4578
-3967
-3230
-2322
-1295
-158
1100
2389
3672
4785
5650
6260
6665
6843
6764
6510
6062
5463
4761
3982
3038
1960
751
-574
-1912
-3183
-4279
-5168
-5774
-6185
-6325
-6259
-6054
-5769
-5393
-4909
-4412
-3808
-3045
-2095
-1018
145
1381
2671
3875
4912
5748
6311
6668
6783
6668
6341
5876
5270
4524
3731
2762
1593
370
-884
-2145
-3399
-4508
-5320
-5841
-6157
-6266
-6223
-6065
-5715
-5290
-4811
-4213
-3576
-2842
-1897
-752
509
1728
2940
4147
5105
5862
6468
6790
6832
6585
6203
5743
5124
4365
3451
2414
1334
97
-1237
-2493
-3700
-4730
-5490
-5932
-6151
-6175
-6091
-5866
-5520
-5126
-4635
-4071
-3355
-2518
-1583
-448
837
2039
3253
4357
5274
5965
6420
6744
6665
6421
6093
5560
4867
4115
3175
2124
1008
-225
-1554
-2854
-3964
-4888
-5543
-5914
-6151
-6231
-6017
-5672
-5320
-4937
-4506
-3917
-3200
-2283
-1276
-182
1099
2381
3554
4648
5528
6063
6415
6610
6598
6270
5839
5298
4606
3839
2941
1865
631
-668
-1963
-3184
-4230
-5074
-5713
-6060
-6145
-6115
-5969
-5641
-5209
-4803
-4287
-3654
-2930
-1995
-919
243
1459
2687
3837
4852
5637
6159
6488
6604
6496
6222
5748
5152
4482
3698
2785
1722
499
-797
-2154
-3395
-4405
-5213
-5773
-6072
-6128
-6030
-5835
-5537
-5081
-4649
-4138
-3518
-2781
-1838
-731
445
1686
2915
4077
5053
5758
6251
6556
6586
6373
6093
5625
4992
4237
3385
2466
1370
146
-1169
-2477
-3665
-4634
-5316
-5804
-6077
-6168
-5998
-5754
-5391
-5007
-4580
-3965
-3270
-2461
-1541
-451
798
2023
3204
4338
5264
5842
6275
6543
6556
6276
5874
5374
4716
4003
3156
2164
981
-231
-1506
-2761
-3870
-4827
-5485
-5894
