-8234
-5805
-3311
-923
1168
2859
4164
5066
5591
5638
5367
4989
4390
3502
2482
1319
-62
-1542
-3085
-4577
-5953
-7138
-7991
-8443
-8528
-8497
-8386
-8032
-7554
-7007
-6340
-5542
-4704
-3666
-2351
-755
1080
3124
5109
6921
8492
9644
10396
10717
10744
10306
9585
8786
7735
6483
5145
3611
1860
25
-1800
-3565
-5168
-6516
-7481
-8100
-8347
-8437
-8366
-8062
-7598
-7139
-6546
-5856
-4994
-3856
-2482
-919
874
2964
4999
6780
8290
9365
9987
10283
10265
9771
8982
8044
6981
5770
4377
2769
974
-884
-2664
-4352
-5917
-7176
-8092
-8641
-8759
-8803
-8693
-8324
-7920
-7406
-6756
-6026
-5171
-3984
-2495
-756
1167
3261
5359
7152
8555
9588
10229
10479
10284
9787
9004
8106
6982
5661
4259
2550
697
-1165
-3010
-4770
-6307
-7530
-8420
-8829
-8987
-8954
-8697
-8409
-7998
-7461
-6771
-5914
-4936
-3679
-2193
-399
1616
3805
5905
7655
9047
10027
10593
10774
10495
9831
9056
8073
6894
5529
4012
2259
316
-1590
-3415
-5131
-6733
-7968
-8782
-9205
-9279
-9204
-9000
-8602
-8169
-7642
-6898
-5979
-4895
-3578
-1862
95
2215
4467
6471
8199
9521
10438
10989
11083
10716
10029
9144
8128
6868
5387
3759
1899
-89
-2001
-3868
-5629
-7202
-8344
-8952
-9294
-9417
-9395
-9140
-8680
-8130
-7559
-6862
-5855
-4651
-3229
-1488
545
2668
4801
6861
8640
9911
10645
10997
10975
10586
9839
8910
7828
6559
5107
3437
1596
-396
-2461
-4424
-6113
-7544
-8685
-9360
-9590
-9587
-9475
-9188
-8707
-8133
-7495
-6677
-5694
-4418
-2814
-1050
988
3255
5520
7488
9045
10232
11046
11304
11235
10757
9897
8911
7748
6421
4868
3106
1143
-855
-2771
-4671
-6413
-7839
-8851
-9438
-9677
-9654
-9505
-9207
-8743
-8127
-7378
-6503
-5514
-4217
-2583
-590
1545
3832
6080
7991
9551
10657
11306
11498
11183
10526
9774
8722
7420
6043
4441
2617
617
-1399
-3466
-5361
-7066
-8401
-9190
-9620
-9862
-9942
-9683
-9306
-8845
-8166
-7385
-6455
-5283
-3805
-2058
-137
2074
4483
6577
8383
9909
10880
11443
11645
11340
10637
9723
8603
7324
5863
4231
2285
190
-1820
-3801
-5694
-7359
-8597
-9385
-9777
-9900
-9833
-9635
-9238
-8734
-8088
-7194
-6162
-4987
-3523
-1648
439
2712
4973
7068
8874
10224
11119
11524
11587
11233
10432
9488
8392
7056
5499
3729
1763
-295
-2338
-4326
-6192
-7801
-8981
-9692
-9972
-10008
-9916
-9656
-9196
-8580
-7881
-7047
-6053
-4833
-3296
-1344
869
3196
5510
7627
9405
10617
11436
11815
11686
11201
10351
9300
8148
6742
5190
3407
1413
-673
-2767
-4727
-6540
-8139
-9285
-9906
-10184
-10226
-10030
-9699
-9194
-8546
-7765
-6823
-5741
-4399
-2739
-797
1385
3748
6055
8087
9888
11071
11688
12012
11816
11188
10302
9155
7898
6428
4764
2982
961
-1158
-3279
-5303
-7110
-8482
-9511
-10147
-10329
-10274
-10031
-9602
-9018
-8384
-7628
-6655
-5579
-4171
-2407
-427
1882
4368
6678
8664
10151
11212
11868
11982
11677
10987
10037
8964
7679
6200
4501
2581
475
-1701
-3727
-5757
-7555
-8875
-9770
-10207
-10392
-10343
-10067
-9727
-9088
-8368
-7531
-6495
-5306
-3851
-2043
107
2390
4811
7089
8962
10466
11484
12010
12125
11730
10972
10005
8918
7539
5952
4228
2222
132
-1991
-4086
-6109
-7868
-9104
-9928
-10345
-10484
-10405
-10071
-9563
-8950
-8254
-7316
-6304
-5116
-3527
-1628
538
2845
5248
7544
9408
10723
11605
12057
12009
11526
10765
9828
8637
7159
5580
3898
1840
-321
-2445
-4610
-6633
-8291
-9507
-10273
-10618
-10647
-10452
-9987
-9436
-8805
-8027
-7126
-5990
-4659
-3032
-1071
1127
3544
5982
8175
9914
11129
11876
12231
12071
11456
10665
9621
8403
6980
5370
3567
1439
-815
-3016
-5109
-7018
-8670
-9845
-10507
-10698
-10664
-10416
-10035
-9494
-8857
-8086
-7082
-5889
-4486
-2783
-795
1488
3941
6335
8394
10043
11283
11905
12160
12031
11398
10473
9377
8108
6668
4991
3100
943
-1263
-3445
-5558
-7413
-8899
-9963
-10521
-10633
-10551
-10374
-9924
-9265
-8629
-7874
-6796
-5463
-4062
-2408
-274
2097
4550
6935
8950
10534
11585
12189
12356
12108
11445
10439
9323
8026
6507
4748
2735
580
-1647
-3817
-5887
-7760
-9307
-10284
-10734
-10799
-10619
-10378
-10036
-9330
-8546
-7733
-6688
-5386
-3872
-2131
74
2555
5068
7335
9202
10691
11761
12370
12418
11995
11288
10309
9115
7754
6289
4400
2237
122
-2092
-4356
-6454
-8253
-9579
-10418
-10783
-10854
-10713
-10347
-9830
-9111
-8270
-7377
-6356
-5092
-3440
-1479
719
3141
5556
7841
9773
11172
12055
12441
12307
11840
11150
10174
8924
7382
5778
3981
1855
-378
-2652
-4929
-6974
-8695
-9929
-10666
-11087
-11142
-10836
-10349
-9780
-9219
-8376
-7297
-6139
-4796
-3132
-1180
1130
3629
6087
8351
10077
11387
12204
12549
12509
11880
10937
9887
8666
7177
5528
3590
1399
-845
-3081
-5269
-7305
-8993
-10167
-10744
-10885
-10916
-10726
-10295
-9570
-8832
-8088
-7167
-6023
-4587
-2734
-533
1795
4325
6753
8879
10560
11625
12311
12527
12235
11609
10792
9701
8358
6804
5061
3153
892
-1444
-3731
-5942
-7857
-9369
-10426
-10869
-10943
-10923
-10590
-10127
-9550
-8734
-7873
-6919
-5684
-4143
-2152
101
2413
4843
7181
9247
10831
11877
12472
12608
12328
11665
10796
9629
8148
6493
4771
2749
437
-1909
-4188
-6350
-8244
-9640
-10587
-11075
-11277
-11108
-10670
-10162
-9453
-8755
-7846
-6743
-5491
-3880
-1948
278
2768
5378
7700
9714
11215
12144
12623
12666
12310
11507
10501
9279
7833
6229
4418
2276
-94
-2473
-4766
-6904
-8674
-10043
-10874
-11171
-11132
-10921
-10535
-9985
-9358
-8616
-7605
-6412
-5155
-3456
-1368
959
3409
5891
8254
10146
11456
12297
12703
12678
12138
11227
10240
9078
7605
5914
4013
1849
-486
-2847
-5063
-7198
-9005
-10248
-11016
-11238
-11227
-11064
-10515
-9867
-9165
-8281
-7255
-5999
-4599
-2907
-795
1531
3943
6325
8533
10310
11524
12269
12566
12464
11908
10936
9805
8588
7144
5435
3534
1381
-977
-3322
-5476
-7424
-9137
-10382
-11069
-11247
-11141
-10838
-10254
-9557
-8908
-8126
-7042
-5808
-4292
-2539
-543
1868
4435
6854
8955
10606
11760
12406
12595
12517
11832
10796
9692
8395
6910
5203
3133
872
-1432
-3757
-5985
-7909
-9460
-10583
-11056
-11082
-10986
-10664
-10179
-9575
-8878
-7976
-6851
-5626
-4147
-2286
-87
2322
4806
7097
9073
10689
11840
12438
12619
12402
11639
10665
9598
8234
6538
4713
2674
330
-1937
-4222
-6421
-8255
-9680
-10635
-11113
-11175
-11046
-10795
-10300
-9571
-8728
-7834
-6705
-5410
-3794
-1771
539
2942
5417
7682
9679
11205
12111
12701
12875
12424
11649
10720
9507
8024
6320
4455
2427
104
-2289
-4577
-6718
-8555
-9929
-10787
-11108
-11186
-11064
-10727
-10242
-9549
-8738
-7828
-6617
-5197
-3516
-1455
892
3367
5790
8042
9996
11312
12195
12663
12680
12223
11402
10432
9257
7726
5970
4066
1895
-441
-2793
-5092
-7185
-8870
-10168
-10860
-11110
-11156
-10957
-10507
-9910
-9219
-8363
-7413
-6273
-4802
-3048
-950
1400
3868
6218
8402
10250
11496
12230
12558
12497
11954
11133
10141
8889
7350
5608
3658
1450
-879
-3304
-5554
-7496
-9130
-10294
-10923
-11087
-11070
-10871
-10397
-9768
-9116
-8272
-7151
-5946
-4523
-2757
-621
1757
4280
6615
8742
10472
11609
12247
12522
12445
11808
10854
9793
8537
6971
5207
3150
903
-1445
-3802
-5927
-7802
-9272
-10347
-10846
-10968
-10914
-10591
-10136
-9577
-8915
-8038
-6894
-5665
-4178
-2260
-121
2277
4777
7072
9090
10628
11660
12264
12469
12220
11577
10683
9576
8193
6621
4876
2789
515
-1862
-4162
-6196
-8016
-9485
-10441
-10834
-10964
-10843
-10508
-9994
-9308
-8578
-7680
-6627
-5315
-3762
-1886
335
2718
5153
7466
9408
10837
11790
12303
12415
12097
11378
10470
9265
7860
6302
4495
2381
86
-2209
-4462
-6470
-8285
-9671
-10544
-10937
-10955
-10698
-10322
-9803
-9144
-8365
-7399
-6288
-5012
-3448
-1548
615
2992
5394
7583
9429
10849
11781
12251
12286
11826
11023
10066
8870
7494
5836
3980
1836
-394
-2620
-4816
-6908
-8709
-9955
-10724
-10928
-10804
-10651
-10207
-9600
-8952
-8125
-7083
-5914
-4617
-2865
-921
1229
3650
6005
8095
9877
11131
11849
12190
12199
11722
10860
9854
8653
7228
5504
3588
1491
-809
-3075
-5215
-7157
-8759
-9892
-10644
-10848
-10772
-10653
-10116
-9418
-8754
-7962
-6937
-5745
-4383
-2783
-843
1335
3667
6000
8129
9840
11014
11744
12051
12034
11464
10622
9576
8390
7004
5313
3435
1276
-1003
-3255
-5329
-7178
-8734
-9838
-10449
-10560
-10466
-10152
-9804
-9305
-8550
-7658
-6632
-5443
-4007
-2334
-382
1834
4192
6389
8317
9869
10956
11668
11965
11797
11238
10382
9364
8108
6590
4894
2977
764
-1441
-3578
-5662
-7512
-8943
-9891
-10374
-10561
-10476
-10123
-9649
-9038
-8462
-7674
-6625
-5370
-3948
-2203
-110
2100
4429
6672
8568
10041
11007
11599
11830
11635
11051
10229
9266
8115
6600
4798
2768
583
-1667
-3857
-5836
-7620
-9057
-9996
-10359
-10397
-10287
-10058
-9736
-9121
-8318
-7480
-6390
-5096
-3616
-1858
236
2559
4807
6919
8795
10231
11195
11754
11972
11633
10923
10164
9075
7732
6196
4396
2371
227
-2000
-4202
-6167
-7948
-9247
-10090
-10473
-10549
-10455
-10128
-9528
-8896
-8222
-7293
-6262
-5065
-3515
-1643
481
2824
5099
7156
9017
10394
11244
11718
11825
11498
10858
10016
8911
7548
5944
4158
2062
-185
-2366
-4504
-6483
-8116
-9347
-10165
-10467
-10400
-10282
-9971
-9432
-8760
-7976
-7020
-5919
-4650
-3069
-1160
950
3236
5549
7516
9210
10545
11387
11823
11873
11437
10739
9865
8701
7298
5610
3787
1729
-529
-2678
-4813
-6786
-8386
-9478
-10191
-10492
-10501
-10274
-9847
-9334
-8637
-7827
-6930
-5781
-4405
-2769
-805
1226
3516
5847
7864
9492
10691
11470
11806
11763
11337
10590
9578
8338
6956
5263
3353
1275
-981
-3143
-5229
-7169
-8666
-9765
-10409
-10602
-10559
-10292
-9915
-9353
-8545
-7649
-6704
-5557
-4184
-2536
-502
1724
4009
6223
8239
9845
11000
11752
12088
11986
11427
10615
9606
8352
6721
5008
3094
945
-1154
-3378
-5507
-7362
-8908
-9934
-10411
-10620
-10629
-10361
-9868
-9244
-8593
-7708
-6698
-5536
-4066
-2237
-168
2021
4374
6610
8572
10082
11118
11785
12042
11867
11232
10392
9366
7940
6281
4637
2677
392
-1843
-3987
-6019
-7752
-9086
-10036
-10486
-10552
-10427
-10119
-9603
-8998
-8332
-7356
-6240
-5065
-3707
-1916
217
2466
4872
7103
8959
10375
11373
11948
12131
11799
11058
10112
8979
7631
6050
4270
2180
-59
-2273
-4385
-6322
-8060
-9390
-10214
-10513
-10504
-10380
-10006
-9407
-8779
-8081
-7207
-6217
-4938
-3416
-1570
574
2975
5291
7309
9129
10549
11421
11796
11895
11604
10841
9930
8916
7630
5969
4051
1943
-282
-2541
-4766
-6805
-8447
-9617
-10346
-10579
-10479
-10247
-9915
-9401
-8740
-7969
-7058
-5979
-4653
-3027
-1145
895
3235
5603
7649
9332
10601
11446
11903
11934
11470
10742
9833
8690
7257
5591
3794
1673
-597
-2718
-4871
-6875
-8437
-9587
-10214
-10389
-10331
-10056
-9651
-9079
-8460
-7736
-6784
-5750
-4517
-2846
-877
1233
3500
5741
7781
9458
10757
11484
11740
11758
11295
10501
9616
8478
6999
5296
3496
1422
-852
-3090
-5197
-7107
-8639
-9697
-10241
-10415
-10348
-10085
-9679
-9068
-8424
-7689
-6752
-5687
-4375
-2799
-858
1263
3492
5687
7660
9339
10552
11277
11575
11591
11129
10303
9381
8250
6836
5226
3379
1287
-874
-3042
-5112
-6957
-8408
-9450
-9994
-10158
-10010
-9763
-9376
-8758
-8099
-7357
-6476
-5418
-4199
-2602
-732
1433
3747
5946
7897
9527
10641
11275
11563
11447
10905
10073
9144
7966
6559
4911
3117
1103
-1103
-3257
-5289
-7132
-8571
-9566
-10092
-10194
-10079
-9791
-9281
-8706
-8081
-7291
-6412
-5377
-4092
-2505
-608
1504
3812
6007
7879
9540
10657
11312
11561
11436
10911
10116
9162
7965
6560
4950
3087
944
-1156
-3217
-5235
-7007
-8443
-9485
-10043
-10101
-9939
-9669
-9194
-8603
-7996
-7168
-6258
-5290
-4067
-2492
-631
1451
3786
5983
7771
9327
10540
11147
11377
11281
10724
9879
8921
7831
6430
4776
2957
876
-1204
-3259
-5290
-7156
-8597
-9555
-10070
-10143
-9972
-9629
-9214
-8575
-7847
-7135
-6293
-5311
-4125
-2487
-499
1710
3983
6199
8086
9583
10800
11398
11503
11325
10736
9880
8891
7763
6333
4674
2795
776
-1341
-3449
-5466
-7261
-8641
-9530
-9964
-10030
-9874
-9572
-9130
-8510
-7865
-7183
-6384
-5371
-4074
-2359
-375
1764
4049
6179
8150
9717
10720
11251
11437
11315
10696
9863
8966
7726
6279
4680
2789
661
-1484
-3677
-5675
-7313
-8651
-9560
-9966
-10039
-9844
-9485
-8988
-8432
-7855
-7088
-6159
-5089
-3770
-2110
-113
2019
4315
6450
8281
9772
10683
11125
11328
11173
10442
9554
8635
7430
5965
4346
2537
463
-1700
-3750
-5718
-7410
-8743
-9606
-9923
-9850
-9632
-9267
-8787
-8178
-7561
-6837
-5894
-4910
-3699
-2138
-212
2048
4330
6418
8149
9595
10683
11097
11179
10976
10271
9322
8379
7276
5855
4239
2403
413
-1640
-3735
-5737
-7402
-8659
-9414
-9739
-9649
-9397
-9170
-8683
-7932
-7323
-6652
-5758
-4680
-3374
-1760
97
2141
4371
6330
8049
9444
10465
10902
10944
10724
10044
9192
8171
7017
5550
3969
2203
161
-1896
-3912
-5824
-7389
-8523
-9345
-9693
-9620
-9417
-9045
-8477
-7765
-7141
-6429
-5571
-4507
-3253
-1626
242
2291
4500
6522
8214
9597
10545
10902
10911
10587
9931
9090
8071
6809
5394
3826
2014
-33
-2053
-3985
-5820
-7452
-8658
-9369
-9644
-9652
-9344
-8847
-8345
-7756
-7118
-6357
-5517
-4499
-3182
-1535
347
2462
4690
6699
8411
9728
10559
10979
11042
10655
9864
9004
8003
6680
5195
3638
1742
-283
-2300
-4268
-6148
-7750
-8854
-9451
-9612
-9555
-9322
-8926
-8362
-7765
-7153
-6302
-5439
-4472
-3111
-1330
573
2620
4843
6898
8535
9875
10680
11050
11098
10655
9866
8949
7877
6500
5026
3437
1562
-539
-2520
-4412
-6270
-7833
-8951
-9531
-9700
-9647
-9364
-8865
-8278
-7691
-7088
-6234
-5301
-4271
-2832
-1020
981
2984
5162
7180
8772
10027
10830
11136
11056
10559
9813
8881
7715
6317
4726
3013
1173
-884
-2934
-4802
-6593
-8056
-9003
-9510
-9670
-9622
-9324
-8891
-8296
-7702
-7088
-6213
-5145
-3910
-2432
-682
1373
3540
5627
7553
9161
10277
10926
11223
11207
10637
9755
8776
7573
6192
4619
2838
906
-1139
-3222
-5108
-6735
-8147
-9197
-9710
-9744
-9591
-9303
-8871
-8350
-7725
-6964
-6146
-5201
-4006
-2476
-689
1354
3611
5759
7584
9114
10275
10892
11149
11036
10397
9565
8628
7444
5995
4354
2609
656
-1369
-3345
-5223
-6856
-8152
-9023
-9511
-9583
-9392
-9176
-8727
-8048
-7431
-6748
-6045
-5070
-3798
-2207
-383
1672
3949
6045
7851
9372
10419
10923
11106
10915
10268
9396
8374
7168
5761
4201
2292
272
-1772
-3753
-5629
-7219
-8306
-9152
-9582
-9567
-9298
-9003
-8660
-8116
-7471
-6680
-5835
-4805
-3527
-1923
15
2209
4483
6524
8240
9708
10720
11224
11295
10976
10242
9327
8268
7048
5557
3842
1945
-128
-2088
-4026
-5908
-7497
-8684
-9402
-9625
-9554
-9410
-9155
-8677
-8048
-7386
-6636
-5806
-4802
-3424
-1680
303
2541
4754
6784
8544
9891
10847
11317
11333
10934
10203
9256
8182
6789
5213
3486
1552
-453
-2490
-4431
-6228
-7740
-8838
-9466
-9712
-9689
-9466
-9118
-8586
-7917
-7274
-6550
-5573
-4387
-2965
-1249
716
2974
5235
7238
8899
10216
10988
11337
11281
10829
10082
9042
7865
6511
4914
3184
1183
-921
-2970
-4890
-6622
-8044
-9052
-9617
-9729
-9617
-9349
-8912
-8452
-7848
-7190
-6443
-5531
-4341
-2831
-976
1127
3386
5608
7605
9279
10469
11175
11421
11326
10780
9947
8894
7633
6230
4621
2814
792
-1260
-3274
-5220
-6915
-8246
-9150
-9633
-9792
-9633
-9268
-8865
-8334
-7715
-7023
-6239
-5361
-4126
-2486
-610
1457
3800
6049
8013
9517
10619
11268
11466
11300
10682
9828
8797
7500
5934
4406
2571
482
-1581
-3581
-5480
-7155
-8421
-9235
-9647
-9718
-9528
-9195
-8731
-8225
-7728
-7018
-6148
-5120
-3818
-2141
-181
1905
4162
6429
8292
9666
10623
11120
11270
11081
10440
9541
8395
7104
5666
4065
2163
56
-2053
-3994
-5808
-7403
-8572
-9314
-9640
-9640
-9388
-9049
-8606
-8204
-7629
-6894
-5996
-4892
-3620
-1900
127
2396
4651
6772
8640
9926
10785
11251
11337
10950
10219
9345
8242
6895
5420
3687
1702
-371
-2451
-4388
-6184
-7669
-8795
-9481
-9567
-9449
-9222
-8788
-8402
-7937
-7292
-6505
-5564
-4494
-3093
-1417
598
2818
5045
7028
8728
10097
10877
11216
11248
10736
9864
8896
7795
6450
4830
3083
1148
-889
-2862
-4795
-6603
-7964
-8962
-9527
-9606
-9480
-9229
-8773
-8176
-7636
-7024
-6269
-5334
-4234
-2884
-1038
1029
3220
5381
7424
9069
10286
10985
11252
11205
10592
9713
8746
7576
6163
4561
2849
966
-1060
-3116
-5007
-6678
-8051
-8946
-9401
-9472
-9339
-9064
-8588
-8046
-7459
-6775
-6032
-5128
-3992
-2572
-760
1350
3490
5714
7736
9217
10378
11013
11209
11075
10503
9493
8402
7266
5797
4207
2468
516
-1496
-3565
-5421
-6995
-8288
-9150
-9558
-9575
-9356
-9074
-8697
-8040
-7422
-6772
-5934
-4831
-3554
-2090
-313
1831
4123
6275
8145
9600
10680
11243
11345
11149
10446
9382
8210
6951
5482
3808
1838
-109
-1978
-3972
-5724
-7288
-8532
-9324
-9659
-9574
-9355
-9135
-8652
-7988
-7354
-6651
-5776
-4751
-3416
-1774
117
2250
4522
6624
8413
9872
10849
11278
11278
10951
10141
9180
8049
6705
5105
3435
1592
-491
-2483
-4364
-6144
-7622
-8652
-9276
-9542
-9455
-9143
-8839
-8356
-7770
-7177
-6412
-5501
-4389
-3032
-1365
592
2775
5069
7165
8819
10027
10877
11244
11197
10645
9826
8822
7598
6235
4690
2937
966
-1036
-3031
-4902
-6541
-7967
-8910
-9345
-9455
-9368
-9080
-8692
-8170
-7616
-6876
-6016
-5060
-3930
-2429
-685
1270
3455
5604
7527
9060
10259
11021
11279
11107
10525
9622
8495
7220
5773
4161
2381
413
-1563
-3483
-5263
-6904
-8109
-8909
-9399
-9515
-9322
-9026
-8560
-7976
-7324
-6589
-5859
-4934
-3644
-2129
-343
1655
3908
6153
7956
9410
10527
11166
11276
10942
10288
9349
8138
6786
5350
3728
1880
-93
-2080
-3958
-5704
-7256
-8397
-9080
-9452
-9492
-9243
-8862
-8374
-7807
-7066
-6290
-5483
-4537
-3266
-1683
256
2397
4522
6631
8407
9820
10713
11163
11216
10737
9968
9023
7845
6464
4860
3108
1241
-674
-2656
-4610
-6237
-7701
-8707
-9249
-9452
-9356
-9201
-8760
-8132
-7539
-6897
-6084
-5179
-4025
-2623
-1023
875
2942
5116
7191
8856
10065
10792
11117
11079
10560
9648
8594
7342
5825
4255
2599
649
-1346
-3286
-5080
-6672
-8002
-8876
-9356
-9432
-9255
-8991
-8513
-7995
-7395
-6683
-5788
-4822
-3671
-2265
-510
1484
3678
5826
7626
9218
10317
10973
11167
11019
10317
9321
8248
6997
5514
3822
2030
31
-1937
-3766
-5496
-7062
-8273
-9068
-9415
-9369
-9184
-8822
-8336
-7695
-7035
-6316
-5377
-4404
-3200
-1666
130
2097
4335
6457
8191
9619
10607
11077
11086
10716
9975
8958
7717
6321
4794
3114
1256
-716
-2604
-4407
-6141
-7635
-8636
-9245
-9507
-9423
-9144
-8668
-8097
-7465
-6752
-5953
-4982
-3849
-2586
-994
954
3056
5112
7092
8816
10041
10804
11119
11112
10557
9620
8503
7257
5825
4171
2432
524
-1409
-3291
-5114
-6660
-7982
-8929
-9382
-9436
-9321
-9052
-8552
-7883
-7175
-6426
-5503
-4458
-3266
-1853
-199
1784
3943
5972
7785
9282
10390
10967
11143
10928
10191
9139
7918
6596
5054
3363
1528
-408
-2296
-4148
-5856
-7345
-8535
-9311
-9692
-9661
-9330
-8948
-8402
-7758
-6990
-6116
-5192
-4095
-2730
-1204
598
2707
4893
6879
8513
9839
10807
11158
11096
10697
9855
8774
7502
6100
4529
2720
813
-1149
-3035
-4805
-6468
-7850
-8761
-9312
-9504
-9381
-9091
-8615
-8024
-7220
-6356
-5558
-4633
-3397
-1997
-290
1561
3665
5716
7523
9067
10238
10958
11087
10858
10186
9277
8129
6738
5291
3608
1781
-129
-2042
-3915
-5735
-7333
-8464
-9209
-9636
-9659
-9422
-8994
-8444
-7787
-7060
-6189
-5188
-4165
-2864
-1221
535
2467
4604
6727
8452
9773
10658
11179
11239
10873
10087
9025
7799
6296
4708
3029
1174
-885
-2899
-4654
-6303
-7781
-8843
-9499
-9653
-9500
-9196
-8784
-8205
-7473
-6680
-5741
-4728
-3552
-2227
-633
1319
3444
5540
7429
9020
10210
11000
11283
11131
10482
9500
8373
7024
5501
3822
2002
8
-1933
-3831
-5566
-7157
-8420
-9198
-9637
-9630
-9439
-9114
-8536
-7913
-7174
-6307
-5348
-4298
-2960
-1429
326
2351
4512
6573
8265
9733
10773
11222
11336
11015
10195
9121
7844
6385
4721
3040
1148
-888
-2818
-4702
-6404
-7848
-8858
-9535
-9800
-9686
-9404
-8995
-8402
-7600
-6794
-5921
-4866
-3644
-2263
-577
1275
3316
5504
7416
8995
10301
11099
11365
11213
10697
9787
8550
7178
5621
3907
2102
228
-1745
-3694
-5527
-7178
-8444
-9301
-9801
-9908
-9687
-9196
-8694
-8050
-7224
-6374
-5351
-4234
-2977
-1416
402
2385
4476
6567
8400
9816
10801
11361
11429
11073
10303
9204
7933
6450
4867
3044
1128
-855
-2868
-4738
-6396
-7880
-9014
-9643
-9908
-9794
-9470
-9077
-8486
-7745
-6897
-5915
-4841
-3607
-2163
-521
1414
3454
5533
7521
9094
10235
11043
11465
11352
10777
9824
8669
7278
5687
3995
2130
165
-1835
-3708
-5476
-7054
-8406
-9389
-9796
-9849
-9690
-9307
-8741
-8029
-7259
-6347
-5244
-4144
-2890
-1367
378
2362
4482
6520
8243
9623
10620
11208
11328
10967
10152
9089
7896
6493
4872
3077
1191
-798
-2765
-4628
-6376
-7882
-9006
-9707
-9940
-9886
-9616
-9171
-8531
-7731
-6838
-5890
-4821
-3592
-2154
-573
1303
3380
5474
7401
8999
10233
10994
11311
11183
10686
9760
8526
7156
5704
4027
2220
293
-1656
-3574
-5335
-6904
-8272
-9151
-9692
-9789
-9542
-9203
-8684
-7992
-7150
-6226
-5241
-4165
-2849
-1405
368
2323
4426
6454
8131
9573
10559
11055
11173
10872
10031
8948
7794
6405
4746
3041
1164
-810
-2688
-4580
-6307
-7824
-8912
-9595
-9866
-9733
-9455
-9012
-8457
-7586
-6677
-5814
-4787
-3594
-2115
-376
1500
3511
5567
7431
9081
10303
11014
11239
11022
10504
9590
8413
7109
5601
3915
2173
292
-1671
-3625
-5477
-7095
-8398
-9320
-9860
-9956
-9761
-9365
-8788
-8076
-7248
-6401
-5316
-4118
-2823
-1288
539
2478
4522
6543
8383
9784
10757
11295
11311
10960
10174
9053
7773
6373
4751
3000
1175
-748
-2670
-4556
-6254
-7730
-8882
-9607
-9919
-9874
-9605
-9149
-8558
-7728
-6839
-5898
-4761
-3461
-1951
-366
1509
3638
5708
7553
9122
10316
11004
11310
11228
10660
9702
8455
7110
5635
3941
2127
141
-1791
-3703
-5517
-7084
-8405
-9316
-9838
-9934
-9733
-9437
-8989
-8281
-7371
-6438
-5393
-4169
-2811
-1186
686
2580
4654
6690
8368
9742
10755
11262
11270
10904
10137
9049
7827
6359
4674
2885
1014
-939
-2862
-4722
-6457
-7925
-8989
-9600
-9860
-9846
-9607
-9167
-8617
-7849
-6911
-5891
-4808
-3535
-2002
-194
1771
3841
5910
7711
9282
10481
11170
11370
11178
10590
9638
8501
7117
5556
3882
2060
119
-1837
-3778
-5585
-7162
-8463
-9348
-9824
-9975
-9826
-9379
-8830
-8168
-7371
-6420
-5351
-4206
-2860
-1189
728
2764
4867
6832
8532
9943
10879
11317
11370
10924
10092
9068
7812
6312
4656
2874
966
-994
-2871
-4719
-6441
-7873
-8972
-9654
-9921
-9921
-9780
-9334
-8615
-7814
-6938
-5948
-4783
-3411
-1876
-149
1772
3798
5954
7800
9290
10447
11113
11337
11188
10581
9580
8343
6928
5387
3743
1838
-118
-2023
-3905
-5639
-7239
-8536
-9425
-9893
-9952
-9818
-9528
-9025
-8285
-7447
-6367
-5279
-4058
-2539
-852
1029
3043
5127
7103
8753
10130
11055
11431
11468
11010
10099
9048
7731
6149
4452
2700
865
-1073
-3023
-4864
-6550
-7999
-9086
-9744
-10092
-10069
-9840
-9433
-8753
-7954
-6989
-5866
-4632
-3273
-1728
73
2069
4159
6323
8088
9499
10630
11280
11449
11221
10484
9486
8253
6814
5270
3529
1735
-236
-2230
-4053
-5810
-7419
-8629
-9493
-9989
-10114
-10009
-9663
-9087
-8314
-7399
-6328
-5170
-3931
-2448
-694
1254
3312
5432
7342
9016
10328
11175
11530
11441
10962
10026
8913
7593
6051
4297
2520
648
-1282
-3183
-5045
-6732
-8124
-9096
-9730
-10061
-10083
-9840
-9376
-8721
-7852
-6961
-5904
-4572
-3122
-1516
332
2355
4364
6396
8257
9743
10782
11304
11488
11290
10532
9474
8193
6708
5105
3317
1441
-500
-2501
-4361
-6046
-7501
-8730
-9656
-10039
-10083
-9922
-9598
-9068
-8304
-7422
-6364
-5240
-3917
-2322
-595
1359
3549
5667
7535
9166
10459
11260
11597
11502
10920
10025
8887
7491
5874
4134
2335
441
-1506
-3428
-5262
-6913
-8278
-9203
-9783
-10023
-10009
-9775
-9298
-8644
-7830
-6854
-5739
-4484
-3109
-1452
426
2441
4611
6606
8395
9862
10866
11461
11615
11247
10478
9444
8091
6573
4945
3174
1275
-645
-2595
-4419
-6103
-7635
-8771
-9533
-9965
-10036
-9949
-9599
-8991
-8207
-7255
-6209
-5074
-3749
-2174
-381
1603
3698
5733
7614
9262
10425
11225
11531
11356
10808
9863
8700
7324
5691
3972
2122
183
-1683
-3569
-5391
-6953
-8210
-9160
-9738
-9986
-9972
-9716
-9235
-8510
-7670
-6697
-5563
-4343
-2894
-1229
642
2637
4690
6641
8378
9789
10701
11213
11315
10935
10162
9103
7809
6333
4726
2986
1147
-716
-2585
-4410
-6118
-7564
-8695
-9483
-9856
-9914
-9747
-9291
-8663
-7905
-6981
-5879
-4719
-3420
-1912
-197
1677
3698
5712
7462
9046
10234
10912
11175
11044
10469
9550
8355
6977
5401
3725
1983
131
-1720
-3527
-5255
-6814
-8046
-9001
-9583
-9782
-9782
-9549
-9061
-8332
-7408
-6410
-5310
-4035
-2629
-1034
779
2615
4545
6417
8030
9359
10349
10909
11025
10640
9919
8960
7721
6266
4621
2999
1244
-612
-2387
-4110
-5789
-7265
