15309
13966
12537
10861
9065
7145
5031
2914
832
-1212
-3004
-4273
-5048
-5523
-5726
-5691
-5563
-5349
-5095
-4688
-4193
-3597
-2720
-1479
31
1704
3568
5347
6981
8195
8956
9375
9387
9089
8420
7658
6792
5778
4690
3437
1971
282
-1547
-3396
-5089
-6697
-8071
-8854
-9229
-9203
-8948
-8615
-8223
-7722
-7188
-6472
-5653
-4688
-3494
-2070
-334
1635
3796
5813
7366
8555
9380
9744
9715
9378
8761
7929
7056
6005
4865
3478
1904
145
-1642
-3363
-5103
-6716
-7965
-8707
-9049
-8941
-8672
-8347
-7862
-7407
-6782
-6012
-5182
-4169
-2921
-1243
623
2635
4706
6626
8005
9085
9868
10143
9954
9417
8811
7997
7075
5990
4693
3207
1531
-318
-2215
-4075
-5871
-7415
-8504
-8991
-9053
-9018
-8695
-8318
-7881
-7181
-6432
-5647
-4798
-3684
-2216
-509
1478
3526
5583
7330
8774
9776
10299
10385
10072
9469
8715
7869
6791
5604
4209
2731
967
-886
-2774
-4731
-6417
-7897
-8847
-9268
-9382
-9247
-8843
-8325
-7821
-7209
-6346
-5280
-4399
-3359
-1869
-9
1970
4036
6016
7716
9006
9939
10397
10378
9989
9226
8376
7466
6395
5148
3748
2175
421
-1530
-3366
-5178
-6957
-8303
-9042
-9307
-9321
-9115
-8722
-8164
-7477
-6862
-6122
-5204
-4224
-2937
-1338
593
2670
4716
6593
8239
9416
10125
10404
10271
9784
9026
8231
7281
6178
4825
3349
1714
-163
-2083
-3997
-5849
-7468
-8617
-9230
-9474
-9358
-9066
-8601
-8022
-7478
-6846
-5945
-4936
-3889
-2509
-757
1272
3371
5447
7326
8804
9767
10270
10517
10316
9764
8888
7968
6980
5781
4486
2906
1202
-761
-2719
-4571
-6367
-7932
-9088
-9599
-9604
-9409
-9154
-8785
-8141
-7458
-6713
-5794
-4724
-3483
-1943
-122
1978
4106
6070
7887
9306
10213
10630
10652
10291
9686
8825
7780
6716
5423
4012
2426
685
-1255
-3289
-5144
-6848
-8302
-9241
-9651
-9620
-9388
-9095
-8509
-7880
-7269
-6415
-5439
-4302
-3034
-1482
397
2490
4675
6662
8326
9568
10396
10723
10621
10281
9524
8568
7544
6403
5128
3558
1918
79
-1857
-3804
-5617
-7390
-8794
-9582
-9925
-9858
-9537
-9140
-8611
-7843
-7029
-6120
-5142
-4026
-2698
-1045
992
3128
5276
7318
8930
10034
10775
11136
10904
10290
9426
8510
7446
6203
4823
3251
1447
-530
-2453
-4379
-6297
-7993
-9307
-9906
-10009
-9945
-9653
-9207
-8629
-7948
-7048
-6087
-5074
-4001
-2503
-614
1555
3844
6051
7965
9436
10535
11204
11320
11043
10344
9417
8521
7414
6056
4479
2834
972
-1046
-3110
-5067
-6971
-8475
-9468
-10018
-10142
-9959
-9590
-9258
-8654
-7892
-7110
-6161
-5004
-3673
-2111
-119
2086
4434
6625
8384
9838
10870
11314
11314
11027
10352
9443
8329
7176
5855
4159
2306
321
-1719
-3696
-5691
-7487
-9010
-10028
-10328
-10168
-9938
-9693
-9218
-8516
-7792
-7003
-6062
-4976
-3500
-1774
379
2894
5370
7527
9259
10730
11614
11865
11741
11312
10410
9331
8371
7148
5621
3953
2041
-103
-2257
-4328
-6429
-8271
-9611
-10331
-10535
-10346
-10108
-9886
-9403
-8654
-7816
-6953
-5966
-4727
-3247
-1222
1167
3547
5864
8024
9820
11064
11984
12190
11916
11286
10376
9445
8222
6911
5304
3353
1377
-712
-2945
-5187
-7185
-8820
-9933
-10439
-10661
-10610
-10413
-9917
-9239
-8624
-8027
-7151
-6091
-4573
-2722
-697
1752
4326
6686
8861
10630
11762
12230
12264
12085
11438
10435
9411
8169
6627
5041
3197
1049
-1315
-3643
-5853
-7870
-9405
-10406
-10851
-10931
-10647
-10367
-9934
-9346
-8781
-7936
-6857
-5651
-4276
-2433
-57
2396
5068
7602
9659
11068
12016
12567
12554
12150
11290
10315
9199
7859
6342
4560
2500
211
-2168
-4440
-6592
-8546
-10062
-10870
-11139
-11105
-10857
-10411
-10042
-9438
-8695
-7786
-6869
-5739
-4025
-1888
566
3309
6033
8407
10353
11875
12744
13062
12924
12328
11399
10381
9211
7798
6158
4216
2070
-308
-2715
-5125
-7436
-9260
-10576
-11307
-11534
-11331
-11057
-10719
-10059
-9429
-8718
-7715
-6521
-5229
-3528
-1285
1296
4082
6828
9289
11078
12427
13227
13421
13079
12343
11272
10069
8842
7426
5654
3607
1397
-962
-3406
-5691
-7884
-9880
-11105
-11622
-11750
-11511
-11143
-10661
-10000
-9273
-8469
-7632
-6641
-5123
-3039
-595
2085
4883
7575
9886
11705
12867
13534
13417
12877
12163
11261
10123
8635
7048
5219
3101
694
-1888
-4430
-6830
-8944
-10494
-11415
-11861
-11858
-11550
-11042
-10536
-9967
-9256
-8490
-7396
-6051
-4337
-2208
275
3133
6038
8715
10874
12414
13417
13736
13637
13160
12256
11100
9899
8476
6723
4707
2363
-236
-2856
-5352
-7715
-9692
-11121
-11847
-11985
-11891
-11642
-11292
-10847
-10201
-9401
-8477
-7340
-5900
-4013
-1543
1276
4174
6984
9606
11566
12937
13699
13972
13724
12896
12024
10951
9681
8100
6246
4106
1734
-892
-3642
-6094
-8297
-10149
-11368
-11919
-12048
-11925
-11597
-11244
-10725
-10109
-9258
-8194
-6993
-5323
-3275
-876
2000
5126
8009
10339
12126
13339
13924
14053
13691
12873
11841
10581
9149
7624
5750
3474
828
-1837
-4394
-6843
-9080
-10735
-11754
-12206
-12115
-11781
-11412
-11007
-10475
-9760
-8806
-7731
-6589
-4956
-2606
91
3046
6173
8952
11138
12727
13730
14205
14064
13387
12354
11270
10201
8775
7010
4991
2652
20
-2703
-5287
-7821
-10065
-11568
-12242
-12403
-12156
-11793
-11384
-10790
-10242
-9567
-8695
-7575
-6164
-4314
-1885
1049
4163
7182
9791
11873
13307
14038
14261
13958
13147
12113
11039
9787
8285
6538
4388
1929
-707
-3477
-6086
-8447
-10398
-11719
-12365
-12399
-12097
-11722
-11190
-10714
-10140
-9401
-8391
-7114
-5523
-3466
-1054
1794
4979
7954
10408
12276
13550
14115
14071
13776
13032
11802
10548
9245
7640
5772
3629
965
-1749
-4313
-6947
-9337
-11010
-12057
-12530
-12469
-12091
-11658
-11077
-10287
-9616
-8805
-7725
-6377
-4749
-2650
-40
2947
6019
8894
11128
12775
13908
14293
14058
13487
12549
11324
10164
8797
7114
5152
2882
286
-2402
-5021
-7526
-9778
-11387
-12244
-12536
-12312
-11963
-11508
-10884
-10180
-9320
-8421
-7427
-6055
-4191
-1886
975
3968
6951
9630
11672
13258
14065
14187
13897
13126
12146
11018
9723
8246
6522
4481
2066
-504
-3208
-5889
-8328
-10312
-11752
-12466
-12591
-12339
-11935
-11429
-10808
-10025
-9247
-8258
-7135
-5614
-3532
-1124
1648
4772
7886
10462
12405
13611
14270
14256
13780
12967
11887
10680
9311
7762
5925
3821
1271
-1446
-4027
-6610
-9022
-10923
-11997
-12454
-12497
-12212
-11819
-11229
-10593
-9868
-8970
-7894
-6631
-4939
-2754
-72
2826
5837
8754
11124
12801
13774
14182
14162
13514
12530
11351
10125
8636
6961
5027
2812
310
-2410
-4952
-7394
-9593
-11321
-12220
-12541
-12426
-12145
-11711
-10977
-10274
-9463
-8522
-7389
-6003
-4299
-1973
837
3873
6921
9556
11689
13291
14127
14316
13978
13195
12099
11005
9807
8288
6482
4408
2084
-547
-3291
-5966
-8410
-10361
-11758
-12461
-12522
-12318
-11937
-11415
-10766
-9963
-9128
-8159
-7124
-5649
-3434
-814
2063
5021
7979
10421
12235
13457
14116
14212
13633
12788
11713
10569
9239
7646
5812
3667
1175
-1452
-4038
-6570
-8856
-10709
-11841
-12254
-12277
-12065
-11653
-11026
-10387
-9651
-8757
-7729
-6330
-4610
-2468
154
3003
5937
8671
10913
12578
13587
13844
13666
13194
12227
11033
9861
8479
6733
4760
2592
122
-2477
-5045
-7451
-9579
-11224
-12020
-12338
-12235
-11897
-11432
-10805
-10118
-9275
-8372
-7115
-5668
-3881
-1603
1149
3972
6661
9302
11519
12895
13637
13833
13526
12838
11854
10659
9438
7993
6175
4173
1999
-422
-3077
-5693
-8008
-9936
-11390
-12111
-12275
-12075
-11696
-11122
-10446
-9730
-8925
-7964
-6763
-5318
-3341
-994
1741
4784
7601
9976
11871
13139
13675
13726
13322
12492
11396
10279
9051
7472
5733
3634
1321
-1188
-3816
-6374
-8647
-10418
-11554
-12082
-12031
-11693
-11408
-10948
-10340
-9552
-8714
-7692
-6311
-4663
-2669
-194
2619
5610
8402
10435
11991
13176
13631
13589
13161
12334
11198
9991
8664
7109
5241
2942
458
-2012
-4505
-6976
-9140
-10698
-11659
-12005
-11835
-11529
-11299
-10951
-10247
-9359
-8441
-7337
-5981
-4215
-1979
500
3346
6262
8845
10854
12396
13296
13633
13420
12797
11849
10776
9613
8166
6513
4597
2395
-62
-2569
-5076
-7478
-9618
-11096
-11858
-12134
-11916
-11550
-11132
-10573
-9839
-8929
-8033
-7015
-5703
-3726
-1345
1303
4205
6992
9530
11530
12863
13545
13626
13240
12419
11463
10368
9136
7762
6081
4079
1750
-723
-3266
-5826
-8195
-10126
-11396
-11996
-12043
-11811
-11415
-10824
-10255
-9531
-8676
-7731
-6624
-5082
-3037
-619
2012
4804
7568
9920
11739
12917
13435
13426
12941
12140
11207
10060
8732
7215
5481
3500
1218
-1319
-3835
-6310
-8543
-10317
-11454
-11916
-11936
-11713
-11235
-10620
-9876
-9104
-8232
-7179
-5992
-4449
-2391
111
2777
5595
8299
10486
12138
13029
13403
13291
12683
11851
10717
9521
8180
6572
4758
2714
374
-2198
-4656
-7087
-9182
-10759
-11685
-11992
-11931
-11629
-11102
-10369
-9710
-8943
-7971
-6869
-5521
-3783
-1608
860
3581
6398
8916
10859
12204
13023
13199
13017
12381
11399
10318
9125
7770
6173
4264
2081
-354
-2787
-5212
-7424
-9374
-10918
-11711
-11833
-11642
-11258
-10794
-10174
-9437
-8692
-7693
-6512
-5094
-3269
-918
1635
4380
7041
9340
11176
12367
13053
13188
12816
12071
11074
9974
8719
7268
5635
3729
1493
-936
-3397
-5734
-7851
-9675
-10940
-11625
-11757
-11545
-11013
-10384
-9840
-9135
-8319
-7381
-6223
-4571
-2647
-382
2246
5055
7679
9762
11333
12418
12921
12859
12436
11632
10594
9479
8166
6719
5018
3008
735
-1668
-4011
-6345
-8425
-10044
-11034
-11547
-11571
-11239
-10886
-10379
-9655
-8861
-7918
-6792
-5596
-4068
-1898
553
3104
5695
8124
10081
11475
12560
13054
12868
12216
11302
10298
9245
7837
6210
4415
2448
221
-2228
-4484
-6772
-8858
-10312
-11045
-11281
-11351
-11193
-10810
-10198
-9543
-8700
-7689
-6596
-5282
-3579
-1343
1122
3688
6263
8615
10467
11791
12541
12794
12589
11978
11146
10094
8894
7432
5845
4013
1911
-471
-2854
-5174
-7335
-9187
-10539
-11278
-11504
-11392
-11106
-10566
-9935
-9280
-8490
-7461
-6220
-4791
-3030
-840
1709
4399
6949
9198
10932
12042
12651
12811
12501
11780
10671
9630
8543
7073
5374
3456
1328
-1008
-3336
-5664
-7788
-9564
-10753
-11201
-11261
-11036
-10778
-10308
-9613
-8934
-8081
-7053
-5857
-4509
-2623
-220
2383
4967
7410
9566
11081
12063
12491
12491
12003
11125
10253
9178
7974
6498
4705
2870
758
-1684
-3985
-6197
-8228
-9848
-10816
-11165
-11225
-11025
-10573
-10005
-9337
-8561
-7666
-6588
-5275
-3652
-1733
568
3255
5750
7979
9909
11311
12138
12430
12324
11846
10930
9847
8838
7505
5966
4265
2257
110
-2226
-4503
-6708
-8567
-9929
-10788
-11006
-10928
-10739
-10381
-9816
-9087
-8324
-7410
-6356
-4987
-3316
-1180
1132
3603
6105
8248
10023
11264
11959
12059
11841
11378
10565
9582
8511
7203
5553
3858
1934
-248
-2569
-4778
-6849
-8713
-9904
-10587
-10798
-10605
-10366
-10009
-9525
-8869
-8064
-7084
-5894
-4527
-2923
-792
1614
3990
6358
8447
10112
11137
11690
11918
11591
10869
10090
9144
8095
6867
5274
3493
1544
-614
-2858
-5046
-7043
-8781
-9987
-10542
-10660
-10572
-10344
-9865
-9273
-8550
-7660
-6742
-5742
-4377
-2530
-367
1877
4278
6559
8515
10104
11201
11696
11741
11465
10783
9965
9056
7831
6466
4985
3366
1451
-789
-3009
-5162
-7184
-8833
-9907
-10479
-10672
-10504
-10100
-9627
-8946
-8281
-7564
-6468
-5245
-3894
-2130
-29
2177
4495
6811
8743
10118
11014
11538
11597
11154
10474
9534
8540
7356
6106
4609
2835
916
-1250
-3367
-5435
-7366
-9064
-10158
-10560
-10659
-10541
-10162
-9669
-9030
-8155
-7241
-6278
-5153
-3727
-1859
306
2745
5004
7067
8936
10420
11284
11573
11538
11066
10319
9495
8491
7273
5894
4401
2712
757
-1434
-3584
-5705
-7582
-9045
-10027
-10518
-10553
-10415
-10033
-9433
-8794
-8105
-7105
-5967
-4710
-3278
-1424
628
2786
5052
7131
8817
10108
11020
11393
11366
10876
10071
9234
8204
7018
5665
4147
2381
381
-1617
-3655
-5662
-7525
-8992
-9834
-10342
-10382
-10098
-9794
-9271
-8626
-7872
-6971
-5865
-4570
-3151
-1369
676
2886
5069
7141
8853
10028
10771
11133
11056
10522
9849
9007
7982
6817
5582
4077
2296
322
-1750
-3774
-5774
-7650
-9048
-9879
-10213
-10134
-9905
-9378
-8761
-8226
-7501
-6620
-5634
-4433
-2909
-1015
1094
3211
5360
7322
8932
10054
10747
10996
10752
10372
9699
8811
7918
6787
5384
3912
2195
79
-2046
-4143
-6133
-7877
-9126
-9897
-10231
-10194
-9950
-9530
-8987
-8329
-7580
-6742
-5660
-4414
-2825
-1013
1082
3340
5551
7556
9047
10093
10699
10990
10806
10271
9667
8844
7863
6666
5400
3854
1993
-19
-2072
-4162
-6275
-8006
-9286
-10035
-10308
-10269
-9899
-9432
-8825
-8163
-7338
-6366
-5326
-4170
-2702
-757
1370
3614
5771
7720
9225
10275
10936
11052
10877
10377
9532
8640
7729
6487
5038
3503
1689
-340
-2494
-4463
-6444
-8265
-9391
-10032
-10219
-10169
-9822
-9333
-8704
-7967
-7280
-6319
-5316
-4074
-2445
-397
1699
3825
5929
7851
9357
10307
10805
10844
10598
10019
9328
8613
7516
6254
4892
3331
1573
-515
-2612
-4711
-6698
-8332
-9467
-10013
-10149
-10060
-9748
-9235
-8615
-7936
-7187
-6138
-5031
-3817
-2147
-88
2090
4206
6332
8140
9511
10436
10911
10986
10695
10115
9365
8552
7435
6121
4683
3041
1175
-942
-2965
-5031
-7045
-8589
-9680
-10175
-10270
-10094
-9767
-9290
-8689
-7950
-7026
-5975
-4879
-3597
-1973
20
2120
4286
6338
8106
9519
10453
10897
10993
10646
9994
9255
8354
7269
5979
4531
2887
1041
-1041
-3208
-5288
-7195
-8742
-9715
-10146
-10208
-10074
-9578
-9033
-8403
-7664
-6866
-5872
-4804
-3452
-1643
389
2548
4716
6732
8529
9807
10527
10880
10805
10397
9845
9096
8228
6992
5797
4445
2743
768
-1323
-3472
-5582
-7394
-8737
-9624
-10114
-10118
-9894
-9467
-8952
-8409
-7655
-6740
-5778
-4573
-3153
-1313
681
2802
5030
7095
8718
9927
10711
10957
10859
10453
9711
8907
7987
6810
5567
4136
2345
359
-1731
-3854
-5848
-7738
-9179
-9988
-10342
-10344
-10062
-9598
-8975
-8255
-7503
-6666
-5675
-4614
-3057
-1168
934
3181
5354
7437
9034
10213
10822
11067
10911
10356
9726
8887
7952
6812
5470
3982
2132
77
-2064
-4118
-6182
-8023
-9249
-10018
-10355
-10298
-10037
-9512
-8939
-8324
-7473
-6531
-5567
-4314
-2697
-760
1324
3493
5724
7692
9242
10303
10907
11049
10863
10340
9659
8844
7801
6649
5180
3621
1762
-359
-2503
-4604
-6640
-8365
-9513
-10098
-10276
-10182
-9873
-9385
-8843
-8083
-7274
-6337
-5218
-3983
-2270
-204
1957
4098
6173
8022
9503
10440
10946
11051
10739
10193
9484
8578
7549
6280
4839
3136
1198
-984
-3077
-5082
-7039
-8646
-9640
-10079
-10127
-10012
-9696
-9163
-8588
-7896
-7062
-6068
-4976
-3662
-2026
58
2289
4472
6611
8363
9620
10576
10974
11044
10641
9991
9260
8344
7314
5999
4421
2725
827
-1304
-3496
-5521
-7390
-8908
-9815
-10186
-10224
-10031
-9670
-9132
-8461
-7741
-6885
-5842
-4683
-3262
-1529
535
2785
4938
6954
8645
9931
10770
11080
11064
10575
9870
9093
8062
6893
5589
4002
2269
350
-1703
-3836
-5881
-7732
-9174
-9948
-10272
-10292
-10116
-9632
-8968
-8362
-7642
-6699
-5677
-4420
-2853
-1081
1013
3223
5375
7409
9123
10357
11010
11206
11168
10700
9884
9007
8020
6805
5354
3836
2064
-88
-2278
-4361
-6346
-8070
-9375
-10047
-10170
-10102
-9957
-9580
-9006
-8226
-7390
-6482
-5403
-4156
-2667
-739
1509
3698
5831
7700
9286
10427
11059
11218
10978
10482
9675
8829
7865
6578
5079
3395
1548
-506
-2697
-4878
-6851
-8514
-9654
-10219
-10316
-10211
-9983
-9554
-8913
-8086
-7231
-6444
-5360
-3931
-2228
-242
1908
4128
6210
8096
9624
10675
11221
11163
10841
10371
9613
8658
7473
6168
4749
3028
1109
-945
-3133
-5342
-7259
-8826
-9873
-10389
-10468
-10254
-9836
-9284
-8608
-7821
-6956
-5943
-4815
-3483
-1877
184
2344
4524
6664
8582
9973
10794
11243
11360
11029
10263
9417
8431
7235
5923
4464
2773
758
-1401
-3510
-5651
-7586
-9133
-10183
-10601
-10471
-10200
-9801
-9180
-8569
-7722
-6730
-5785
-4677
-3305
-1536
466
2694
4959
6960
8691
10064
10929
11298
11330
10829
10080
9247
8303
7116
5707
4180
2353
322
-1751
-3841
-5881
-7788
-9252
-10098
-10382
-10256
-9964
-9558
-8892
-8096
-7425
-6649
-5736
-4568
-3092
-1273
885
3070
5199
7231
8982
10250
10930
11086
11040
10660
9922
9118
8141
6926
5518
3906
2069
39
-2196
-4420
-6324
-8113
-9542
-10240
-10437
-10267
-9976
-9549
-8967
-8209
-7413
-6576
-5575
-4284
-2837
-1117
1010
3303
5449
7360
9080
10276
10966
11141
11031
10583
9865
9002
8022
6828
5342
3708
1806
-234
-2389
-4544
-6468
-8183
-9447
-10165
-10369
-10186
-9874
-9360
-8687
-7950
-7222
-6271
-5291
-4116
-2602
-757
1378
3591
5843
7805
9369
10441
11006
11229
11035
10500
9736
8784
7693
6493
5105
3454
1572
-564
-2726
-4803
-6803
-8490
-9674
-10333
-10529
-10310
-9874
-9381
-8732
-7975
-7228
-6279
-5091
-3822
-2260
-370
1736
4084
6245
8156
9679
10687
11213
11291
11029
10561
9727
8670
7631
6373
4840
3055
1037
-1066
-3209
-5284
-7088
-8699
-9848
-10343
-10402
-10209
-9869
-9387
-8862
-8045
-7153
-6223
-4992
-3616
-2026
-117
2171
4409
6485
8432
9857
10826
11317
11356
10988
10320
9507
8578
7452
6074
4592
2771
717
-1377
-3536
-5659
-7497
-9029
-10037
-10327
-10230
-10000
-9681
-9248
-8610
-7770
-6906
-5918
-4854
-3506
-1715
358
2615
4853
6926
8629
9993
10815
11184
11194
10797
10170
9336
8354
7164
5771
4163
2420
406
-1820
-3929
-5991
-7754
-9090
-9952
-10165
-10075
-9803
-9388
-8864
-8179
-7414
-6563
-5582
-4500
-3173
-1354
735
2932
5217
7178
8737
9995
10846
11156
10983
10510
9788
8967
8116
6907
5456
3840
2013
29
-2148
-4196
-6276
-8097
-9257
-9871
-10133
-10115
-9776
-9409
-8954
-8269
-7386
-6477
-5519
-4293
-2794
-967
1035
3152
5335
7268
8883
10093
10847
11128
11006
10564
9887
9047
7974
6611
5172
3537
1729
-232
-2359
-4416
-6349
-8039
-9207
-9912
-10095
-9989
-9682
-9180
-8676
-8083
-7225
-6298
-5351
-4222
-2705
-812
1188
3341
5584
7524
9040
10189
10857
11036
10940
10439
9656
8798
7717
6389
4981
3380
1507
-657
-2771
-4798
-6785
-8377
-9508
-10056
-10174
-9991
-9577
-9070
-8406
-7711
-7006
-6052
-4989
-3832
-2422
-492
1785
3975
6127
8009
9504
10543
11103
11247
11006
10466
9551
8559
7570
6277
4707
2894
1070
-936
-3106
-5188
-7096
-8650
-9777
-10271
-10242
-10019
-9640
-9108
-8427
-7712
-6941
-6123
-5092
-3759
-2255
-367
1840
4087
6189
8069
9596
10562
10957
11053
10861
10206
9341
8506
7331
5983
4578
2852
926
-1233
-3389
-5413
-7283
-8804
-9797
-10258
-10155
-9861
-9380
-8782
-8110
-7446
-6791
-5818
-4726
-3476
-1811
153
2301
4506
6626
8500
9885
10723
11033
11023
10725
10099
9156
8199
7151
5813
4283
2493
568
-1618
-3694
-5695
-7476
-8891
-9816
-10190
-10123
-9812
-9427
-8821
-8090
-7408
-6659
-5763
-4607
-3328
-1703
317
2520
4685
6715
8499
9884
10760
11001
10951
10653
9953
9056
8026
6893
5527
3980
2241
345
-1719
-3988
-5959
-7583
-8891
-9737
-10054
-9965
-9763
-9282
-8648
-7995
-7236
-6507
-5651
-4534
-3140
-1489
548
2796
5035
7033
8721
10036
10765
11007
10948
10605
9884
8949
7950
6769
5395
3831
2074
57
-2072
-4166
-6067
-7699
-9024
-9849
-10108
-9920
-9568
-9107
-8550
-7955
-7284
-6459
-5557
-4509
-3107
-1267
824
3031
5277
7225
8833
10041
10741
11022
10926
10436
9688
8810
7939
6780
5294
3624
1803
-230
-2378
-4381
-6336
-8081
-9270
-9932
-10116
-9905
-9631
-9248
-8653
-7944
-7169
-6356
-5397
-4215
-2749
-919
1256
3459
5596
7608
9193
10362
11024
11293
11055
10507
9790
8879
7814
6482
5008
3390
1533
-469
-2604
-4729
-6615
-8223
-9362
-9937
-10101
-10111
-9752
-9139
-8440
-7827
-7150
-6385
-5388
-4135
-2659
-765
1302
3502
5703
7693
9310
10433
10952
11058
10990
10475
9679
8762
7630
6379
4848
3194
1329
-717
-2822
-4925
-6824
-8268
-9339
-9988
-10134
-9990
-9600
-9087
-8514
-7826
-7090
-6202
-5161
-3937
-2369
-554
1538
3794
5990
7854
9296
10394
10964
11146
10926
10325
9523
8530
7432
6157
4688
2997
1060
-1013
-3028
-4984
-6885
-8419
-9430
-9936
-10032
-9880
-9385
-8850
-8244
-7520
-6899
-6098
-5163
-3933
-2310
-410
1803
4044
6181
8072
9540
10486
10971
11024
10689
10078
9261
8440
7382
6018
4558
2860
992
-1115
-3204
-5224
-6999
-8477
-9482
-9952
-9922
-9683
-9342
-8816
-8159
-7425
-6708
-5936
-4859
-3639
-2095
-171
2020
4219
6219
8106
9525
10412
10793
10890
10622
9942
9046
8141
7114
5828
4323
2609
762
-1257
-3370
-5340
-7101
-8625
-9654
-10034
-10001
-9782
-9325
-8660
-7947
-7376
-6586
-5574
-4661
-3491
-1950
37
2075
4176
6223
8073
9605
10441
10776
10890
10605
9854
8932
8062
7035
5628
4078
2566
723
-1321
-3365
-5332
-7110
-8612
-9524
-9838
-9761
-9582
-9244
-8647
-7934
-7260
-6546
-5605
-4580
-3382
-1777
190
2336
4455
6459
8187
9546
10404
10768
10777
10427
9751
8888
7994
6845
5496
4025
2373
446
-1575
-3550
-5477
-7213
-8588
-9451
-9784
-9708
-9441
-8987
-8511
-7892
-7209
-6412
-5445
-4440
-3263
-1689
380
2513
4562
6543
8184
9435
10336
10764
10712
10277
9555
8731
7821
6731
5404
3897
2170
312
-1621
-3592
-5533
-7250
-8605
-9364
-9643
-9664
-9465
-8991
-8459
-7863
-7144
-6339
-5407
-4413
-3135
-1458
436
2558
4623
6561
8265
9514
10309
10623
10613
10214
9479
8613
7704
6578
5225
3739
2110
208
-1789
-3785
-5649
-7294
-8525
-9310
-9640
-9593
-9339
-8919
-8332
-7709
-7045
-6374
-5514
-4493
-3103
-1419
511
2571
4652
6647
8292
9541
10180
10443
10406
10028
9367
8554
7599
6436
5224
3809
2163
246
-1786
-3760
-5641
-7265
-8529
-9255
-9483
-9341
-9067
-8717
-8209
-7594
-6967
-6174
-5306
-4278
-2917
-1179
680
2692
4880
6805
8335
9543
10315
10524
10412
10033
9389
8491
7501
6436
5113
3623
1963
0
-1990
-3961
-5838
-7460
-8564
-9243
-9583
-9526
-9248
-8873
-8307
-7646
-6958
-6252
-5412
-4271
-2838
-1235
688
2780
4882
6853
8446
9647
10307
10589
10478
9979
9356
8499
7406
6310
5076
3560
1779
-208
-2129
-4089
-5943
-7466
-8643
-9320
-9546
-9443
-9162
-8720
-8230
-7661
-6898
-6154
-5374
-4329
-2918
-1063
1006
3209
5353
7225
8722
9897
10555
10737
10520
9960
9235
8390
7506
6264
4779
3301
1467
-479
-2436
-4420
-6337
-7981
-9025
-9504
-9675
-9606
-9361
-8976
-8328
-7707
-6964
-6015
-5084
-4004
-2518
-611
1373
3420
5589
7555
9085
10090
10742
10892
10622
10059
9298
8453
7307
5992
4581
2995
1230
-807
-2826
-4713
-6526
-8065
-8999
-9525
-9741
-9702
-9338
-8682
-8147
-7649
-6932
-6059
-5076
-3865
-2289
-282
1820
4006
6085
7915
9443
10389
10830
10944
10680
10007
9177
8297
7199
5868
4359
2738
816
-1236
-3250
-5238
-6963
-8397
-9305
-9662
-9709
-9587
-9264
-8794
-8204
-7513
-6782
-5836
-4824
-3568
-1911
102
2144
4260
6340
8147
9589
10433
10826
10895
10502
9790
8956
7993
6843
5514
4006
2330
421
-1627
-3639
-5586
-7260
-8598
-9442
-9709
-9784
-9596
-9175
-8595
-8024
-7444
-6669
-5696
-4581
-3225
-1562
412
2571
4769
6806
8517
9775
10531
10860
10917
10496
9729
8851
7908
6735
5268
3746
2037
113
-1933
-3934
-5792
-7425
-8731
-9479
-9703
-9637
-9506
-9142
-8593
-7940
-7235
-6515
-5648
-4602
-3164
-1326
682
2791
4956
7008
8623
9761
10517
10853
10704
10228
9569
8730
7732
6492
5122
3611
1865
-56
-2053
-3972
-5818
-7421
-8625
-9250
-9428
-9475
-9251
-8836
-8361
-7717
-7055
-6216
-5313
-4249
-2870
-1072
885
2898
5022
6996
8543
9633
10389
10687
10523
10059
9380
8493
7395
6119
4843
3297
1592
-270
-2234
-4105
-5913
-7505
-8594
-9246
-9478
-9446
-9232
-8729
-8106
-7528
-6914
-6134
-5165
-4111
-2725
-948
1088
3199
5219
7106
8557
9604
10219
10405
10340
9783
9019
8249
7430
6184
4749
3243
1544
-334
-2343
-4201
-5958
-7614
-8706
-9310
-9449
-9384
-9161
-8695
-8139
-7525
-6896
-6074
-5061
-3994
-2600
-724
1217
3185
5265
7166
8670
9720
10278
10473
10260
9720
9079
8217
7135
5940
4594
3128
1448
-446
-2449
-4343
-5936
-7431
-8525
-9053
-9304
-9239
-8942
-8413
-7865
-7353
-6648
-5962
-5101
-4014
-2569
-769
1178
3144
5163
7099
8536
9557
10113
10234
10075
9539
8875
8171
7199
5975
4651
3243
1519
-445
-2381
-4260
-6039
-7575
-8557
-9066
-9271
-9151
-8845
-8452
-7997
-7416
-6720
-5861
-5083
-4074
-2546
-805
1128
3229
5292
7060
8559
9586
10125
10355
10161
9601
8926
8121
7132
5928
4615
3163
1415
-528
-2423
-4290
-6094
-7470
-8488
-9034
-9145
-9070
-8806
-8401
-7920
-7393
-6801
-6017
-5185
-4149
-2671
-794
1219
3224
5228
7057
8545
9553
10116
10266
9974
9512
8829
8062
7166
5975
4609
3168
1487
-387
-2316
-4209
-5944
-7495
-8511
-8935
-9084
-9024
-8811
-8351
-7787
-7207
-6605
-5896
-4973
-3949
-2573
-784
1172
3145
5156
6972
8430
9418
9992
10214
9983
9466
8776
8030
7145
5965
4628
3226
1585
-332
-2266
-4110
-5871
-7454
-8589
-9077
-9145
-9056
-8834
-8373
-7793
-7250
-6596
-5785
-5030
-4042
-2688
-968
957
2910
4981
6832
8351
9429
9975
10206
10013
9424
8669
7924
6903
5779
4601
3174
1591
-230
-2106
-3928
-5722
-7277
-8317
-8781
-8938
-8909
-8671
-8175
-7649
-7090
-6491
-5840
-5037
-4054
-2675
-882
1012
2978
4927
6728
8290
9370
9848
9977
9829
9362
8673
7920
7029
5889
4555
3205
1635
-258
-2176
-4059
-5767
-7190
-8201
-8675
-8803
